     chi_2_2=  0.400000000000000E+03  0.822396973449777E-02  0.717410796045282E-04
     chi_2_2=  0.400100000000000E+03  0.823834256972487E-02  0.720130083189876E-04
     chi_2_2=  0.400200000000000E+03  0.825276992538431E-02  0.722864793132649E-04
     chi_2_2=  0.400300000000000E+03  0.826725211091548E-02  0.725615042753251E-04
     chi_2_2=  0.400400000000000E+03  0.828178943810451E-02  0.728380950040605E-04
     chi_2_2=  0.400500000000000E+03  0.829638222110583E-02  0.731162634105453E-04
     chi_2_2=  0.400600000000000E+03  0.831103077646549E-02  0.733960215193265E-04
     chi_2_2=  0.400700000000000E+03  0.832573542314421E-02  0.736773814697368E-04
     chi_2_2=  0.400800000000000E+03  0.834049648253911E-02  0.739603555171808E-04
     chi_2_2=  0.400900000000000E+03  0.835531427850868E-02  0.742449560345015E-04
     chi_2_2=  0.401000000000000E+03  0.837018913739488E-02  0.745311955133075E-04
     chi_2_2=  0.401100000000000E+03  0.838512138804825E-02  0.748190865653636E-04
     chi_2_2=  0.401200000000000E+03  0.840011136185107E-02  0.751086419239663E-04
     chi_2_2=  0.401300000000000E+03  0.841515939274240E-02  0.753998744453597E-04
     chi_2_2=  0.401400000000000E+03  0.843026581724258E-02  0.756927971101605E-04
     chi_2_2=  0.401500000000000E+03  0.844543097447817E-02  0.759874230248043E-04
     chi_2_2=  0.401600000000000E+03  0.846065520620703E-02  0.762837654230076E-04
     chi_2_2=  0.401700000000000E+03  0.847593885684441E-02  0.765818376672631E-04
     chi_2_2=  0.401800000000000E+03  0.849128227348858E-02  0.768816532503429E-04
     chi_2_2=  0.401900000000000E+03  0.850668580594684E-02  0.771832257968206E-04
     chi_2_2=  0.402000000000000E+03  0.852214980676192E-02  0.774865690646219E-04
     chi_2_2=  0.402100000000000E+03  0.853767463123936E-02  0.777916969465997E-04
     chi_2_2=  0.402200000000001E+03  0.855326063747383E-02  0.780986234721134E-04
     chi_2_2=  0.402300000000001E+03  0.856890818637725E-02  0.784073628086548E-04
     chi_2_2=  0.402400000000001E+03  0.858461764170618E-02  0.787179292634744E-04
     chi_2_2=  0.402500000000001E+03  0.860038937008991E-02  0.790303372852416E-04
     chi_2_2=  0.402600000000001E+03  0.861622374105893E-02  0.793446014657245E-04
     chi_2_2=  0.402700000000001E+03  0.863212112707362E-02  0.796607365414936E-04
     chi_2_2=  0.402800000000001E+03  0.864808190355371E-02  0.799787573956580E-04
     chi_2_2=  0.402900000000001E+03  0.866410644890686E-02  0.802986790595967E-04
     chi_2_2=  0.403000000000001E+03  0.868019514455959E-02  0.806205167147624E-04
     chi_2_2=  0.403100000000001E+03  0.869634837498620E-02  0.809442856944541E-04
     chi_2_2=  0.403200000000001E+03  0.871256652774075E-02  0.812700014856741E-04
     chi_2_2=  0.403300000000001E+03  0.872884999348628E-02  0.815976797309486E-04
     chi_2_2=  0.403400000000001E+03  0.874519916602757E-02  0.819273362302333E-04
     chi_2_2=  0.403500000000001E+03  0.876161444234159E-02  0.822589869427976E-04
     chi_2_2=  0.403600000000001E+03  0.877809622261025E-02  0.825926479891682E-04
     chi_2_2=  0.403700000000001E+03  0.879464491025279E-02  0.829283356530898E-04
     chi_2_2=  0.403800000000001E+03  0.881126091195792E-02  0.832660663834990E-04
     chi_2_2=  0.403900000000001E+03  0.882794463771761E-02  0.836058567965497E-04
     chi_2_2=  0.404000000000001E+03  0.884469650086037E-02  0.839477236776536E-04
     chi_2_2=  0.404100000000001E+03  0.886151691808588E-02  0.842916839835621E-04
     chi_2_2=  0.404200000000001E+03  0.887840630949860E-02  0.846377548444540E-04
     chi_2_2=  0.404300000000001E+03  0.889536509864298E-02  0.849859535660800E-04
     chi_2_2=  0.404400000000001E+03  0.891239371253868E-02  0.853362976319189E-04
     chi_2_2=  0.404500000000001E+03  0.892949258171668E-02  0.856888047053813E-04
     chi_2_2=  0.404600000000001E+03  0.894666214025455E-02  0.860434926320238E-04
     chi_2_2=  0.404700000000001E+03  0.896390282581398E-02  0.864003794418200E-04
     chi_2_2=  0.404800000000001E+03  0.898121507967727E-02  0.867594833514437E-04
     chi_2_2=  0.404900000000001E+03  0.899859934678517E-02  0.871208227666011E-04
     chi_2_2=  0.405000000000001E+03  0.901605607577454E-02  0.874844162843790E-04
     chi_2_2=  0.405100000000001E+03  0.903358571901686E-02  0.878502826956424E-04
     chi_2_2=  0.405200000000001E+03  0.905118873265787E-02  0.882184409874749E-04
     chi_2_2=  0.405300000000001E+03  0.906886557665545E-02  0.885889103456133E-04
     chi_2_2=  0.405400000000001E+03  0.908661671482175E-02  0.889617101569875E-04
     chi_2_2=  0.405500000000001E+03  0.910444261486142E-02  0.893368600122165E-04
     chi_2_2=  0.405600000000001E+03  0.912234374841397E-02  0.897143797082088E-04
     chi_2_2=  0.405700000000001E+03  0.914032059109400E-02  0.900942892507528E-04
     chi_2_2=  0.405800000000001E+03  0.915837362253506E-02  0.904766088571996E-04
     chi_2_2=  0.405900000000001E+03  0.917650332643030E-02  0.908613589591206E-04
     chi_2_2=  0.406000000000001E+03  0.919471019057646E-02  0.912485602050542E-04
     chi_2_2=  0.406100000000001E+03  0.921299470691709E-02  0.916382334632683E-04
     chi_2_2=  0.406200000000001E+03  0.923135737158719E-02  0.920303998245833E-04
     chi_2_2=  0.406300000000001E+03  0.924979868495748E-02  0.924250806052144E-04
     chi_2_2=  0.406400000000001E+03  0.926831915167953E-02  0.928222973496670E-04
     chi_2_2=  0.406500000000001E+03  0.928691928073270E-02  0.932220718336987E-04
     chi_2_2=  0.406600000000002E+03  0.930559958546916E-02  0.936244260672729E-04
     chi_2_2=  0.406700000000002E+03  0.932436058366186E-02  0.940293822976061E-04
     chi_2_2=  0.406800000000002E+03  0.934320279755192E-02  0.944369630122408E-04
     chi_2_2=  0.406900000000002E+03  0.936212675389744E-02  0.948471909421736E-04
     chi_2_2=  0.407000000000002E+03  0.938113298402172E-02  0.952600890650136E-04
     chi_2_2=  0.407100000000002E+03  0.940022202386293E-02  0.956756806081997E-04
     chi_2_2=  0.407200000000002E+03  0.941939441402464E-02  0.960939890522754E-04
     chi_2_2=  0.407300000000002E+03  0.943865069982692E-02  0.965150381342103E-04
     chi_2_2=  0.407400000000002E+03  0.945799143135689E-02  0.969388518507454E-04
     chi_2_2=  0.407500000000002E+03  0.947741716352200E-02  0.973654544618365E-04
     chi_2_2=  0.407600000000002E+03  0.949692845610177E-02  0.977948704941029E-04
     chi_2_2=  0.407700000000002E+03  0.951652587380337E-02  0.982271247443873E-04
     chi_2_2=  0.407800000000002E+03  0.953620998631356E-02  0.986622422832968E-04
     chi_2_2=  0.407900000000002E+03  0.955598136835512E-02  0.991002484588580E-04
     chi_2_2=  0.408000000000002E+03  0.957584059974210E-02  0.995411689002047E-04
     chi_2_2=  0.408100000000002E+03  0.959578826543699E-02  0.999850295213362E-04
     chi_2_2=  0.408200000000002E+03  0.961582495560705E-02  0.100431856524909E-03
     chi_2_2=  0.408300000000002E+03  0.963595126568289E-02  0.100881676406113E-03
     chi_2_2=  0.408400000000002E+03  0.965616779641712E-02  0.101334515956600E-03
     chi_2_2=  0.408500000000002E+03  0.967647515394423E-02  0.101790402268473E-03
     chi_2_2=  0.408600000000002E+03  0.969687394984003E-02  0.102249362738327E-03
     chi_2_2=  0.408700000000002E+03  0.971736480118437E-02  0.102711425071387E-03
     chi_2_2=  0.408800000000002E+03  0.973794833062172E-02  0.103176617285667E-03
     chi_2_2=  0.408900000000002E+03  0.975862516642514E-02  0.103644967716236E-03
     chi_2_2=  0.409000000000002E+03  0.977939594255908E-02  0.104116505019512E-03
     chi_2_2=  0.409100000000002E+03  0.980026129874460E-02  0.104591258177666E-03
     chi_2_2=  0.409200000000002E+03  0.982122188052455E-02  0.105069256503056E-03
     chi_2_2=  0.409300000000002E+03  0.984227833933001E-02  0.105550529642768E-03
     chi_2_2=  0.409400000000002E+03  0.986343133254803E-02  0.106035107583212E-03
     chi_2_2=  0.409500000000002E+03  0.988468152358925E-02  0.106523020654782E-03
     chi_2_2=  0.409600000000002E+03  0.990602958195667E-02  0.107014299536602E-03
     chi_2_2=  0.409700000000002E+03  0.992747618331696E-02  0.107508975261362E-03
     chi_2_2=  0.409800000000002E+03  0.994902200957034E-02  0.108007079220201E-03
     chi_2_2=  0.409900000000002E+03  0.997066774892375E-02  0.108508643167709E-03
     chi_2_2=  0.410000000000002E+03  0.999241409596282E-02  0.109013699226968E-03
     chi_2_2=  0.410100000000002E+03  0.100142617517266E-01  0.109522279894700E-03
     chi_2_2=  0.410200000000002E+03  0.100362114237828E-01  0.110034418046506E-03
     chi_2_2=  0.410300000000002E+03  0.100582638263028E-01  0.110550146942153E-03
     chi_2_2=  0.410400000000002E+03  0.100804196801404E-01  0.111069500231003E-03
     chi_2_2=  0.410500000000002E+03  0.101026797129097E-01  0.111592511957490E-03
     chi_2_2=  0.410600000000002E+03  0.101250446590638E-01  0.112119216566690E-03
     chi_2_2=  0.410700000000002E+03  0.101475152599756E-01  0.112649648909999E-03
     chi_2_2=  0.410800000000002E+03  0.101700922640205E-01  0.113183844250909E-03
     chi_2_2=  0.410900000000002E+03  0.101927764266574E-01  0.113721838270837E-03
     chi_2_2=  0.411000000000003E+03  0.102155685105152E-01  0.114263667075142E-03
     chi_2_2=  0.411100000000003E+03  0.102384692854751E-01  0.114809367199103E-03
     chi_2_2=  0.411200000000003E+03  0.102614795287596E-01  0.115358975614149E-03
     chi_2_2=  0.411300000000003E+03  0.102846000250183E-01  0.115912529734074E-03
     chi_2_2=  0.411400000000003E+03  0.103078315664181E-01  0.116470067421429E-03
     chi_2_2=  0.411500000000003E+03  0.103311749527327E-01  0.117031626993986E-03
     chi_2_2=  0.411600000000003E+03  0.103546309914350E-01  0.117597247231333E-03
     chi_2_2=  0.411700000000003E+03  0.103782004977884E-01  0.118166967381542E-03
     chi_2_2=  0.411800000000003E+03  0.104018842949423E-01  0.118740827168004E-03
     chi_2_2=  0.411900000000003E+03  0.104256832140272E-01  0.119318866796343E-03
     chi_2_2=  0.412000000000003E+03  0.104495980942519E-01  0.119901126961459E-03
     chi_2_2=  0.412100000000003E+03  0.104736297830012E-01  0.120487648854684E-03
     chi_2_2=  0.412200000000003E+03  0.104977791359368E-01  0.121078474171077E-03
     chi_2_2=  0.412300000000003E+03  0.105220470170974E-01  0.121673645116826E-03
     chi_2_2=  0.412400000000003E+03  0.105464342990027E-01  0.122273204416798E-03
     chi_2_2=  0.412500000000003E+03  0.105709418627557E-01  0.122877195322167E-03
     chi_2_2=  0.412600000000003E+03  0.105955705981511E-01  0.123485661618270E-03
     chi_2_2=  0.412700000000003E+03  0.106203214037808E-01  0.124098647632507E-03
     chi_2_2=  0.412800000000003E+03  0.106451951871439E-01  0.124716198242418E-03
     chi_2_2=  0.412900000000003E+03  0.106701928647562E-01  0.125338358883897E-03
     chi_2_2=  0.413000000000003E+03  0.106953153622638E-01  0.125965175559555E-03
     chi_2_2=  0.413100000000003E+03  0.107205636145563E-01  0.126596694847221E-03
     chi_2_2=  0.413200000000003E+03  0.107459385658821E-01  0.127232963908584E-03
     chi_2_2=  0.413300000000003E+03  0.107714411699667E-01  0.127874030498006E-03
     chi_2_2=  0.413400000000003E+03  0.107970723901313E-01  0.128519942971485E-03
     chi_2_2=  0.413500000000003E+03  0.108228331994143E-01  0.129170750295782E-03
     chi_2_2=  0.413600000000003E+03  0.108487245806924E-01  0.129826502057649E-03
     chi_2_2=  0.413700000000003E+03  0.108747475268082E-01  0.130487248473352E-03
     chi_2_2=  0.413800000000003E+03  0.109009030406942E-01  0.131153040398231E-03
     chi_2_2=  0.413900000000003E+03  0.109271921355023E-01  0.131823929336490E-03
     chi_2_2=  0.414000000000003E+03  0.109536158347348E-01  0.132499967451177E-03
     chi_2_2=  0.414100000000003E+03  0.109801751723750E-01  0.133181207574287E-03
     chi_2_2=  0.414200000000003E+03  0.110068711930244E-01  0.133867703217134E-03
     chi_2_2=  0.414300000000003E+03  0.110337049520371E-01  0.134559508580812E-03
     chi_2_2=  0.414400000000003E+03  0.110606775156596E-01  0.135256678566921E-03
     chi_2_2=  0.414500000000003E+03  0.110877899611709E-01  0.135959268788430E-03
     chi_2_2=  0.414600000000003E+03  0.111150433770272E-01  0.136667335580820E-03
     chi_2_2=  0.414700000000003E+03  0.111424388630043E-01  0.137380936013296E-03
     chi_2_2=  0.414800000000003E+03  0.111699775303479E-01  0.138100127900353E-03
     chi_2_2=  0.414900000000003E+03  0.111976605019227E-01  0.138824969813474E-03
     chi_2_2=  0.415000000000003E+03  0.112254889123632E-01  0.139555521093007E-03
     chi_2_2=  0.415100000000003E+03  0.112534639082305E-01  0.140291841860369E-03
     chi_2_2=  0.415200000000003E+03  0.112815866481676E-01  0.141033993030376E-03
     chi_2_2=  0.415300000000003E+03  0.113098583030598E-01  0.141782036323848E-03
     chi_2_2=  0.415400000000004E+03  0.113382800561971E-01  0.142536034280462E-03
     chi_2_2=  0.415500000000004E+03  0.113668531034380E-01  0.143296050271784E-03
     chi_2_2=  0.415600000000004E+03  0.113955786533773E-01  0.144062148514613E-03
     chi_2_2=  0.415700000000004E+03  0.114244579275161E-01  0.144834394084532E-03
     chi_2_2=  0.415800000000004E+03  0.114534921604341E-01  0.145612852929721E-03
     chi_2_2=  0.415900000000004E+03  0.114826825999658E-01  0.146397591885054E-03
     chi_2_2=  0.416000000000004E+03  0.115120305073776E-01  0.147188678686407E-03
     chi_2_2=  0.416100000000004E+03  0.115415371575509E-01  0.147986181985326E-03
     chi_2_2=  0.416200000000004E+03  0.115712038391646E-01  0.148790171363875E-03
     chi_2_2=  0.416300000000004E+03  0.116010318548831E-01  0.149600717349831E-03
     chi_2_2=  0.416400000000004E+03  0.116310225215452E-01  0.150417891432121E-03
     chi_2_2=  0.416500000000004E+03  0.116611771703594E-01  0.151241766076631E-03
     chi_2_2=  0.416600000000004E+03  0.116914971470993E-01  0.152072414742246E-03
     chi_2_2=  0.416700000000004E+03  0.117219838123027E-01  0.152909911897197E-03
     chi_2_2=  0.416800000000004E+03  0.117526385414763E-01  0.153754333035804E-03
     chi_2_2=  0.416900000000004E+03  0.117834627253001E-01  0.154605754695424E-03
     chi_2_2=  0.417000000000004E+03  0.118144577698382E-01  0.155464254473829E-03
     chi_2_2=  0.417100000000004E+03  0.118456250967528E-01  0.156329911046900E-03
     chi_2_2=  0.417200000000004E+03  0.118769661435198E-01  0.157202804186607E-03
     chi_2_2=  0.417300000000004E+03  0.119084823636497E-01  0.158083014779420E-03
     chi_2_2=  0.417400000000004E+03  0.119401752269113E-01  0.158970624845004E-03
     chi_2_2=  0.417500000000004E+03  0.119720462195608E-01  0.159865717555368E-03
     chi_2_2=  0.417600000000004E+03  0.120040968445728E-01  0.160768377254327E-03
     chi_2_2=  0.417700000000004E+03  0.120363286218757E-01  0.161678689477364E-03
     chi_2_2=  0.417800000000004E+03  0.120687430885913E-01  0.162596740971870E-03
     chi_2_2=  0.417900000000004E+03  0.121013417992806E-01  0.163522619717880E-03
     chi_2_2=  0.418000000000004E+03  0.121341263261880E-01  0.164456414949035E-03
     chi_2_2=  0.418100000000004E+03  0.121670982594973E-01  0.165398217174195E-03
     chi_2_2=  0.418200000000004E+03  0.122002592075860E-01  0.166348118199295E-03
     chi_2_2=  0.418300000000004E+03  0.122336107972863E-01  0.167306211149724E-03
     chi_2_2=  0.418400000000004E+03  0.122671546741511E-01  0.168272590493163E-03
     chi_2_2=  0.418500000000004E+03  0.123008925027238E-01  0.169247352062853E-03
     chi_2_2=  0.418600000000004E+03  0.123348259668134E-01  0.170230593081371E-03
     chi_2_2=  0.418700000000004E+03  0.123689567697727E-01  0.171222412184830E-03
     chi_2_2=  0.418800000000004E+03  0.124032866347843E-01  0.172222909447654E-03
     chi_2_2=  0.418900000000004E+03  0.124378173051484E-01  0.173232186407785E-03
     chi_2_2=  0.419000000000004E+03  0.124725505445786E-01  0.174250346092459E-03
     chi_2_2=  0.419100000000004E+03  0.125074881374997E-01  0.175277493044471E-03
     chi_2_2=  0.419200000000004E+03  0.125426318893553E-01  0.176313733349066E-03
     chi_2_2=  0.419300000000004E+03  0.125779836269155E-01  0.177359174661251E-03
     chi_2_2=  0.419400000000004E+03  0.126135451985923E-01  0.178413926233745E-03
     chi_2_2=  0.419500000000004E+03  0.126493184747655E-01  0.179478098945651E-03
     chi_2_2=  0.419600000000004E+03  0.126853053481034E-01  0.180551805331393E-03
     chi_2_2=  0.419700000000004E+03  0.127215077339011E-01  0.181635159610623E-03
     chi_2_2=  0.419800000000005E+03  0.127579275704170E-01  0.182728277718504E-03
     chi_2_2=  0.419900000000005E+03  0.127945668192180E-01  0.183831277336749E-03
     chi_2_2=  0.420000000000005E+03  0.128314274655316E-01  0.184944277925282E-03
     chi_2_2=  0.420100000000005E+03  0.128685115186040E-01  0.186067400754611E-03
     chi_2_2=  0.420200000000005E+03  0.129058210120618E-01  0.187200768938760E-03
     chi_2_2=  0.420300000000005E+03  0.129433580042864E-01  0.188344507469118E-03
     chi_2_2=  0.420400000000005E+03  0.129811245787899E-01  0.189498743248831E-03
     chi_2_2=  0.420500000000005E+03  0.130191228445989E-01  0.190663605127983E-03
     chi_2_2=  0.420600000000005E+03  0.130573549366476E-01  0.191839223939578E-03
     chi_2_2=  0.420700000000005E+03  0.130958230161767E-01  0.193025732536275E-03
     chi_2_2=  0.420800000000005E+03  0.131345292711383E-01  0.194223265827867E-03
     chi_2_2=  0.420900000000005E+03  0.131734759166115E-01  0.195431960819677E-03
     chi_2_2=  0.421000000000005E+03  0.132126651952230E-01  0.196651956651702E-03
     chi_2_2=  0.421100000000005E+03  0.132520993775766E-01  0.197883394638648E-03
     chi_2_2=  0.421200000000005E+03  0.132917807626920E-01  0.199126418310881E-03
     chi_2_2=  0.421300000000005E+03  0.133317116784475E-01  0.200381173456156E-03
     chi_2_2=  0.421400000000005E+03  0.133718944820376E-01  0.201647808162434E-03
     chi_2_2=  0.421500000000005E+03  0.134123315604350E-01  0.202926472861575E-03
     chi_2_2=  0.421600000000005E+03  0.134530253308597E-01  0.204217320373882E-03
     chi_2_2=  0.421700000000005E+03  0.134939782412627E-01  0.205520505953877E-03
     chi_2_2=  0.421800000000005E+03  0.135351927708150E-01  0.206836187336927E-03
     chi_2_2=  0.421900000000005E+03  0.135766714304050E-01  0.208164524786930E-03
     chi_2_2=  0.422000000000005E+03  0.136184167631488E-01  0.209505681145127E-03
     chi_2_2=  0.422100000000005E+03  0.136604313449089E-01  0.210859821880029E-03
     chi_2_2=  0.422200000000005E+03  0.137027177848225E-01  0.212227115138408E-03
     chi_2_2=  0.422300000000005E+03  0.137452787258395E-01  0.213607731797477E-03
     chi_2_2=  0.422400000000005E+03  0.137881168452739E-01  0.215001845518308E-03
     chi_2_2=  0.422500000000005E+03  0.138312348553615E-01  0.216409632800358E-03
     chi_2_2=  0.422600000000005E+03  0.138746355038335E-01  0.217831273037403E-03
     chi_2_2=  0.422700000000005E+03  0.139183215744965E-01  0.219266948574585E-03
     chi_2_2=  0.422800000000005E+03  0.139622958878283E-01  0.220716844766942E-03
     chi_2_2=  0.422900000000005E+03  0.140065613015820E-01  0.222181150039161E-03
     chi_2_2=  0.423000000000005E+03  0.140511207114054E-01  0.223660055946828E-03
     chi_2_2=  0.423100000000005E+03  0.140959770514703E-01  0.225153757239057E-03
     chi_2_2=  0.423200000000005E+03  0.141411332951125E-01  0.226662451922485E-03
     chi_2_2=  0.423300000000005E+03  0.141865924554922E-01  0.228186341327022E-03
     chi_2_2=  0.423400000000005E+03  0.142323575862590E-01  0.229725630172916E-03
     chi_2_2=  0.423500000000005E+03  0.142784317822359E-01  0.231280526639505E-03
     chi_2_2=  0.423600000000005E+03  0.143248181801142E-01  0.232851242435572E-03
     chi_2_2=  0.423700000000005E+03  0.143715199591647E-01  0.234437992871407E-03
     chi_2_2=  0.423800000000005E+03  0.144185403419615E-01  0.236040996932552E-03
     chi_2_2=  0.423900000000005E+03  0.144658825951225E-01  0.237660477355354E-03
     chi_2_2=  0.424000000000005E+03  0.145135500300647E-01  0.239296660704338E-03
     chi_2_2=  0.424100000000005E+03  0.145615460037717E-01  0.240949777451320E-03
     chi_2_2=  0.424200000000006E+03  0.146098739195835E-01  0.242620062056676E-03
     chi_2_2=  0.424300000000006E+03  0.146585372279977E-01  0.244307753052388E-03
     chi_2_2=  0.424400000000006E+03  0.147075394274872E-01  0.246013093127117E-03
     chi_2_2=  0.424500000000006E+03  0.147568840653403E-01  0.247736329213575E-03
     chi_2_2=  0.424600000000006E+03  0.148065747385116E-01  0.249477712577738E-03
     chi_2_2=  0.424700000000006E+03  0.148566150944955E-01  0.251237498910490E-03
     chi_2_2=  0.424800000000006E+03  0.149070088322168E-01  0.253015948421438E-03
     chi_2_2=  0.424900000000006E+03  0.149577597029388E-01  0.254813325935047E-03
     chi_2_2=  0.425000000000006E+03  0.150088715111938E-01  0.256629900989231E-03
     chi_2_2=  0.425100000000006E+03  0.150603481157305E-01  0.258465947936346E-03
     chi_2_2=  0.425200000000006E+03  0.151121934304832E-01  0.260321746046748E-03
     chi_2_2=  0.425300000000006E+03  0.151644114255619E-01  0.262197579614961E-03
     chi_2_2=  0.425400000000006E+03  0.152170061282618E-01  0.264093738068477E-03
     chi_2_2=  0.425500000000006E+03  0.152699816240999E-01  0.266010516079471E-03
     chi_2_2=  0.425600000000006E+03  0.153233420578663E-01  0.267948213679096E-03
     chi_2_2=  0.425700000000006E+03  0.153770916347054E-01  0.269907136374969E-03
     chi_2_2=  0.425800000000006E+03  0.154312346212177E-01  0.271887595271496E-03
     chi_2_2=  0.425900000000006E+03  0.154857753465852E-01  0.273889907193347E-03
     chi_2_2=  0.426000000000006E+03  0.155407182037243E-01  0.275914394812175E-03
     chi_2_2=  0.426100000000006E+03  0.155960676504612E-01  0.277961386776489E-03
     chi_2_2=  0.426200000000006E+03  0.156518282107345E-01  0.280031217845018E-03
     chi_2_2=  0.426300000000006E+03  0.157080044758259E-01  0.282124229023515E-03
     chi_2_2=  0.426400000000006E+03  0.157646011056199E-01  0.284240767705277E-03
     chi_2_2=  0.426500000000006E+03  0.158216228298830E-01  0.286381187814989E-03
     chi_2_2=  0.426600000000006E+03  0.158790744495837E-01  0.288545849956839E-03
     chi_2_2=  0.426700000000006E+03  0.159369608382359E-01  0.290735121566290E-03
     chi_2_2=  0.426800000000006E+03  0.159952869432724E-01  0.292949377065902E-03
     chi_2_2=  0.426900000000006E+03  0.160540577874523E-01  0.295188998025408E-03
     chi_2_2=  0.427000000000006E+03  0.161132784702997E-01  0.297454373326029E-03
     chi_2_2=  0.427100000000006E+03  0.161729541695727E-01  0.299745899329133E-03
     chi_2_2=  0.427200000000006E+03  0.162330901427742E-01  0.302063980049715E-03
     chi_2_2=  0.427300000000006E+03  0.162936917286859E-01  0.304409027334198E-03
     chi_2_2=  0.427400000000006E+03  0.163547643489501E-01  0.306781461043458E-03
     chi_2_2=  0.427500000000006E+03  0.164163135096811E-01  0.309181709240648E-03
     chi_2_2=  0.427600000000006E+03  0.164783448031134E-01  0.311610208384084E-03
     chi_2_2=  0.427700000000006E+03  0.165408639092949E-01  0.314067403525717E-03
     chi_2_2=  0.427800000000006E+03  0.166038765978161E-01  0.316553748514927E-03
     chi_2_2=  0.427900000000006E+03  0.166673887295789E-01  0.319069706207935E-03
     chi_2_2=  0.428000000000006E+03  0.167314062586105E-01  0.321615748683167E-03
     chi_2_2=  0.428100000000006E+03  0.167959352339222E-01  0.324192357462686E-03
     chi_2_2=  0.428200000000006E+03  0.168609818014056E-01  0.326800023739596E-03
     chi_2_2=  0.428300000000006E+03  0.169265522057814E-01  0.329439248612129E-03
     chi_2_2=  0.428400000000006E+03  0.169926527925954E-01  0.332110543324357E-03
     chi_2_2=  0.428500000000006E+03  0.170592900102564E-01  0.334814429513483E-03
     chi_2_2=  0.428600000000007E+03  0.171264704121316E-01  0.337551439464538E-03
     chi_2_2=  0.428700000000007E+03  0.171942006586865E-01  0.340322116372096E-03
     chi_2_2=  0.428800000000007E+03  0.172624875196874E-01  0.343127014609896E-03
     chi_2_2=  0.428900000000007E+03  0.173313378764410E-01  0.345966700007642E-03
     chi_2_2=  0.429000000000007E+03  0.174007587241106E-01  0.348841750136592E-03
     chi_2_2=  0.429100000000007E+03  0.174707571740743E-01  0.351752754602955E-03
     chi_2_2=  0.429200000000007E+03  0.175413404563476E-01  0.354700315349980E-03
     chi_2_2=  0.429300000000007E+03  0.176125159220685E-01  0.357685046969113E-03
     chi_2_2=  0.429400000000007E+03  0.176842910460410E-01  0.360707577020071E-03
     chi_2_2=  0.429500000000007E+03  0.177566734293490E-01  0.363768546360732E-03
     chi_2_2=  0.429600000000007E+03  0.178296708020294E-01  0.366868609486510E-03
     chi_2_2=  0.429700000000007E+03  0.179032910258178E-01  0.370008434880042E-03
     chi_2_2=  0.429800000000007E+03  0.179775420969675E-01  0.373188705371574E-03
     chi_2_2=  0.429900000000007E+03  0.180524321491318E-01  0.376410118509739E-03
     chi_2_2=  0.430000000000007E+03  0.181279694563328E-01  0.379673386944147E-03
     chi_2_2=  0.430100000000007E+03  0.182041624359935E-01  0.382979238818978E-03
     chi_2_2=  0.430200000000007E+03  0.182810196520662E-01  0.386328418179390E-03
     chi_2_2=  0.430300000000007E+03  0.183585498182237E-01  0.389721685389509E-03
     chi_2_2=  0.430400000000007E+03  0.184367618011498E-01  0.393159817564061E-03
     chi_2_2=  0.430500000000007E+03  0.185156646239096E-01  0.396643609012959E-03
     chi_2_2=  0.430600000000007E+03  0.185952674694115E-01  0.400173871699912E-03
     chi_2_2=  0.430700000000007E+03  0.186755796839576E-01  0.403751435715108E-03
     chi_2_2=  0.430800000000007E+03  0.187566107808960E-01  0.407377149763083E-03
     chi_2_2=  0.430900000000007E+03  0.188383704443645E-01  0.411051881665662E-03
     chi_2_2=  0.431000000000007E+03  0.189208685331416E-01  0.414776518881083E-03
     chi_2_2=  0.431100000000007E+03  0.190041150845950E-01  0.418551969039317E-03
     chi_2_2=  0.431200000000007E+03  0.190881203187485E-01  0.422379160494998E-03
     chi_2_2=  0.431300000000007E+03  0.191728946424438E-01  0.426259042897357E-03
     chi_2_2=  0.431400000000007E+03  0.192584486536362E-01  0.430192587779388E-03
     chi_2_2=  0.431500000000007E+03  0.193447931457934E-01  0.434180789165416E-03
     chi_2_2=  0.431600000000007E+03  0.194319391124262E-01  0.438224664198893E-03
     chi_2_2=  0.431700000000007E+03  0.195198977517370E-01  0.442325253790286E-03
     chi_2_2=  0.431800000000007E+03  0.196086804714087E-01  0.446483623286776E-03
     chi_2_2=  0.431900000000007E+03  0.196982988935211E-01  0.450700863163672E-03
     chi_2_2=  0.432000000000007E+03  0.197887648596078E-01  0.454978089738849E-03
     chi_2_2=  0.432100000000007E+03  0.198800904358585E-01  0.459316445911073E-03
     chi_2_2=  0.432200000000007E+03  0.199722879184698E-01  0.463717101923018E-03
     chi_2_2=  0.432300000000007E+03  0.200653698391467E-01  0.468181256149843E-03
     chi_2_2=  0.432400000000007E+03  0.201593489707647E-01  0.472710135914529E-03
     chi_2_2=  0.432500000000007E+03  0.202542383332012E-01  0.477304998331101E-03
     chi_2_2=  0.432600000000007E+03  0.203500511993218E-01  0.481967131176024E-03
     chi_2_2=  0.432700000000007E+03  0.204468011011619E-01  0.486697853790354E-03
     chi_2_2=  0.432800000000007E+03  0.205445018362691E-01  0.491498518012052E-03
     chi_2_2=  0.432900000000007E+03  0.206431674742555E-01  0.496370509141641E-03
     chi_2_2=  0.433000000000008E+03  0.207428123635214E-01  0.501315246940384E-03
     chi_2_2=  0.433100000000008E+03  0.208434511381959E-01  0.506334186664168E-03
     chi_2_2=  0.433200000000008E+03  0.209450987252774E-01  0.511428820133341E-03
     chi_2_2=  0.433300000000008E+03  0.210477703519993E-01  0.516600676840839E-03
     chi_2_2=  0.433400000000008E+03  0.211514815533994E-01  0.521851325098746E-03
     chi_2_2=  0.433500000000008E+03  0.212562481801431E-01  0.527182373226904E-03
     chi_2_2=  0.433600000000008E+03  0.213620864065696E-01  0.532595470783399E-03
     chi_2_2=  0.433700000000008E+03  0.214690127389910E-01  0.538092309839669E-03
     chi_2_2=  0.433800000000008E+03  0.215770440242486E-01  0.543674626301911E-03
     chi_2_2=  0.433900000000008E+03  0.216861974585308E-01  0.549344201280379E-03
     chi_2_2=  0.434000000000008E+03  0.217964905964725E-01  0.555102862509210E-03
     chi_2_2=  0.434100000000008E+03  0.219079413605376E-01  0.560952485818339E-03
     chi_2_2=  0.434200000000008E+03  0.220205680506941E-01  0.566894996659816E-03
     chi_2_2=  0.434300000000008E+03  0.221343893543981E-01  0.572932371690934E-03
     chi_2_2=  0.434400000000008E+03  0.222494243569032E-01  0.579066640417004E-03
     chi_2_2=  0.434500000000008E+03  0.223656925518862E-01  0.585299886895186E-03
     chi_2_2=  0.434600000000008E+03  0.224832138524296E-01  0.591634251503482E-03
     chi_2_2=  0.434700000000008E+03  0.226020086023454E-01  0.598071932776232E-03
     chi_2_2=  0.434800000000008E+03  0.227220975878878E-01  0.604615189310852E-03
     chi_2_2=  0.434900000000008E+03  0.228435020498258E-01  0.611266341746598E-03
     chi_2_2=  0.435000000000008E+03  0.229662436959287E-01  0.618027774820590E-03
     chi_2_2=  0.435100000000008E+03  0.230903447138689E-01  0.624901939504018E-03
     chi_2_2=  0.435200000000008E+03  0.232158277845328E-01  0.631891355220651E-03
     chi_2_2=  0.435300000000008E+03  0.233427160958003E-01  0.638998612153730E-03
     chi_2_2=  0.435400000000008E+03  0.234710333567794E-01  0.646226373643606E-03
     chi_2_2=  0.435500000000008E+03  0.236008038125196E-01  0.653577378680500E-03
     chi_2_2=  0.435600000000008E+03  0.237320522592281E-01  0.661054444497006E-03
     chi_2_2=  0.435700000000008E+03  0.238648040600114E-01  0.668660469264986E-03
     chi_2_2=  0.435800000000008E+03  0.239990851611493E-01  0.676398434901111E-03
     chi_2_2=  0.435900000000008E+03  0.241349221089472E-01  0.684271409987178E-03
     chi_2_2=  0.436000000000008E+03  0.242723420671581E-01  0.692282552809003E-03
     chi_2_2=  0.436100000000008E+03  0.244113728350309E-01  0.700435114521184E-03
     chi_2_2=  0.436200000000008E+03  0.245520428659811E-01  0.708732442442128E-03
     chi_2_2=  0.436300000000008E+03  0.246943812869316E-01  0.717177983486669E-03
     chi_2_2=  0.436400000000008E+03  0.248384179183429E-01  0.725775287742488E-03
     chi_2_2=  0.436500000000008E+03  0.249841832949576E-01  0.734528012196950E-03
     chi_2_2=  0.436600000000008E+03  0.251317086872955E-01  0.743439924622053E-03
     chi_2_2=  0.436700000000008E+03  0.252810261239301E-01  0.752514907625096E-03
     chi_2_2=  0.436800000000008E+03  0.254321684145771E-01  0.761756962873055E-03
     chi_2_2=  0.436900000000008E+03  0.255851691740262E-01  0.771170215499058E-03
     chi_2_2=  0.437000000000008E+03  0.257400628469701E-01  0.780758918700974E-03
     chi_2_2=  0.437100000000008E+03  0.258968847337469E-01  0.790527458540407E-03
     chi_2_2=  0.437200000000008E+03  0.260556710170453E-01  0.800480358952726E-03
     chi_2_2=  0.437300000000008E+03  0.262164587896178E-01  0.810622286978961E-03
     chi_2_2=  0.437400000000009E+03  0.263792860830498E-01  0.820958058231061E-03
     chi_2_2=  0.437500000000009E+03  0.265441918976180E-01  0.831492642601759E-03
     chi_2_2=  0.437600000000009E+03  0.267112162332917E-01  0.842231170231643E-03
     chi_2_2=  0.437700000000009E+03  0.268804001219394E-01  0.853178937747843E-03
     chi_2_2=  0.437800000000009E+03  0.270517856607907E-01  0.864341414787962E-03
     chi_2_2=  0.437900000000009E+03  0.272254160471863E-01  0.875724250822743E-03
     chi_2_2=  0.438000000000009E+03  0.274013356147192E-01  0.887333282296195E-03
     chi_2_2=  0.438100000000009E+03  0.275795898708018E-01  0.899174540098042E-03
     chi_2_2=  0.438200000000009E+03  0.277602255357163E-01  0.911254257385795E-03
     chi_2_2=  0.438300000000009E+03  0.279432905832582E-01  0.923578877777926E-03
     chi_2_2=  0.438400000000009E+03  0.281288342830037E-01  0.936155063935505E-03
     chi_2_2=  0.438500000000009E+03  0.283169072443009E-01  0.948989706554852E-03
     chi_2_2=  0.438600000000009E+03  0.285075614620750E-01  0.962089933794607E-03
     chi_2_2=  0.438700000000009E+03  0.287008503645012E-01  0.975463121158843E-03
     chi_2_2=  0.438800000000009E+03  0.288968288626810E-01  0.989116901864927E-03
     chi_2_2=  0.438900000000009E+03  0.290955534023788E-01  0.100305917772048E-02
     chi_2_2=  0.439000000000009E+03  0.292970820179443E-01  0.101729813054008E-02
     chi_2_2=  0.439100000000009E+03  0.295014743885230E-01  0.103184223413192E-02
     chi_2_2=  0.439200000000009E+03  0.297087918966596E-01  0.104670026688668E-02
     chi_2_2=  0.439300000000009E+03  0.299190976894334E-01  0.106188132500475E-02
     chi_2_2=  0.439400000000009E+03  0.301324567422269E-01  0.107739483639703E-02
     chi_2_2=  0.439500000000009E+03  0.303489359252898E-01  0.109325057530109E-02
     chi_2_2=  0.439600000000009E+03  0.305686040732256E-01  0.110945867765358E-02
     chi_2_2=  0.439700000000009E+03  0.307915320575435E-01  0.112602965726355E-02
     chi_2_2=  0.439800000000009E+03  0.310177928624585E-01  0.114297442283636E-02
     chi_2_2=  0.439900000000009E+03  0.312474616640901E-01  0.116030429589827E-02
     chi_2_2=  0.440000000000009E+03  0.314806159132439E-01  0.117803102967691E-02
     chi_2_2=  0.440100000000009E+03  0.317173354219695E-01  0.119616682899640E-02
     chi_2_2=  0.440200000000009E+03  0.319577024541020E-01  0.121472437125067E-02
     chi_2_2=  0.440300000000009E+03  0.322018018199822E-01  0.123371682852021E-02
     chi_2_2=  0.440400000000009E+03  0.324497209755958E-01  0.125315789090551E-02
     chi_2_2=  0.440500000000009E+03  0.327015501263949E-01  0.127306179115561E-02
     chi_2_2=  0.440600000000009E+03  0.329573823360007E-01  0.129344333066997E-02
     chi_2_2=  0.440700000000009E+03  0.332173136401390E-01  0.131431790696816E-02
     chi_2_2=  0.440800000000009E+03  0.334814431660214E-01  0.133570154271638E-02
     chi_2_2=  0.440900000000009E+03  0.337498732575420E-01  0.135761091641739E-02
     chi_2_2=  0.441000000000009E+03  0.340227096065878E-01  0.138006339487091E-02
     chi_2_2=  0.441100000000009E+03  0.343000613908190E-01  0.140307706752262E-02
     chi_2_2=  0.441200000000009E+03  0.345820414183082E-01  0.142667078282948E-02
     chi_2_2=  0.441300000000009E+03  0.348687662794222E-01  0.145086418677624E-02
     chi_2_2=  0.441400000000009E+03  0.351603565063671E-01  0.147567776368947E-02
     chi_2_2=  0.441500000000009E+03  0.354569367408930E-01  0.150113287951026E-02
     chi_2_2=  0.441600000000009E+03  0.357586359105592E-01  0.152725182768883E-02
     chi_2_2=  0.441700000000009E+03  0.360655874142160E-01  0.155405787789640E-02
     chi_2_2=  0.441800000000010E+03  0.363779293171018E-01  0.158157532773886E-02
     chi_2_2=  0.441900000000010E+03  0.366958045562695E-01  0.160982955769695E-02
     chi_2_2=  0.442000000000010E+03  0.370193611569238E-01  0.163884708951912E-02
     chi_2_2=  0.442100000000010E+03  0.373487524603715E-01  0.166865564831961E-02
     chi_2_2=  0.442200000000010E+03  0.376841373642912E-01  0.169928422864994E-02
     chi_2_2=  0.442300000000010E+03  0.380256805761542E-01  0.173076316484137E-02
     chi_2_2=  0.442400000000010E+03  0.383735528805802E-01  0.176312420593129E-02
     chi_2_2=  0.442500000000010E+03  0.387279314215684E-01  0.179640059552118E-02
     chi_2_2=  0.442600000000010E+03  0.390890000005783E-01  0.183062715694069E-02
     chi_2_2=  0.442700000000010E+03  0.394569493914723E-01  0.186584038412129E-02
     chi_2_2=  0.442800000000010E+03  0.398319776734837E-01  0.190207853862462E-02
     chi_2_2=  0.442900000000010E+03  0.402142905833791E-01  0.193938175330247E-02
     chi_2_2=  0.443000000000010E+03  0.406041018881534E-01  0.197779214311435E-02
     chi_2_2=  0.443100000000010E+03  0.410016337796394E-01  0.201735392367047E-02
     chi_2_2=  0.443200000000010E+03  0.414071172925415E-01  0.205811353812096E-02
     chi_2_2=  0.443300000000010E+03  0.418207927475723E-01  0.210011979307312E-02
     chi_2_2=  0.443400000000010E+03  0.422429102213860E-01  0.214342400427052E-02
     chi_2_2=  0.443500000000010E+03  0.426737300452844E-01  0.218808015284966E-02
     chi_2_2=  0.443600000000010E+03  0.431135233347475E-01  0.223414505305839E-02
     chi_2_2=  0.443700000000010E+03  0.435625725519678E-01  0.228167853240047E-02
     chi_2_2=  0.443800000000010E+03  0.440211721039224E-01  0.233074362528011E-02
     chi_2_2=  0.443900000000010E+03  0.444896289784951E-01  0.238140678130165E-02
     chi_2_2=  0.444000000000010E+03  0.449682634215844E-01  0.243373808951306E-02
     chi_2_2=  0.444100000000010E+03  0.454574096582470E-01  0.248781151999720E-02
     chi_2_2=  0.444200000000010E+03  0.459574166613073E-01  0.254370518436631E-02
     chi_2_2=  0.444300000000010E+03  0.464686489709831E-01  0.260150161685436E-02
     chi_2_2=  0.444400000000010E+03  0.469914875696722E-01  0.266128807790596E-02
     chi_2_2=  0.444500000000010E+03  0.475263308160974E-01  0.272315688232222E-02
     chi_2_2=  0.444600000000010E+03  0.480735954436872E-01  0.278720575427398E-02
     chi_2_2=  0.444700000000010E+03  0.486337176282737E-01  0.285353821171025E-02
     chi_2_2=  0.444800000000010E+03  0.492071541308024E-01  0.292226398297761E-02
     chi_2_2=  0.444900000000010E+03  0.497943835213318E-01  0.299349945877880E-02
     chi_2_2=  0.445000000000010E+03  0.503959074909190E-01  0.306736818290944E-02
     chi_2_2=  0.445100000000010E+03  0.510122522590446E-01  0.314400138564597E-02
     chi_2_2=  0.445200000000010E+03  0.516439700845676E-01  0.322353856404564E-02
     chi_2_2=  0.445300000000010E+03  0.522916408892729E-01  0.330612811394097E-02
     chi_2_2=  0.445400000000010E+03  0.529558740038157E-01  0.339192801894431E-02
     chi_2_2=  0.445500000000010E+03  0.536373100469480E-01  0.348110660241243E-02
     chi_2_2=  0.445600000000010E+03  0.543366229499334E-01  0.357384334901657E-02
     chi_2_2=  0.445700000000010E+03  0.550545221394015E-01  0.367032980337629E-02
     chi_2_2=  0.445800000000010E+03  0.557917548931745E-01  0.377077055411190E-02
     chi_2_2=  0.445900000000010E+03  0.565491088851391E-01  0.387538431270118E-02
     chi_2_2=  0.446000000000010E+03  0.573274149370881E-01  0.398440509771930E-02
     chi_2_2=  0.446100000000010E+03  0.581275499972546E-01  0.409808353636333E-02
     chi_2_2=  0.446200000000011E+03  0.589504403674121E-01  0.421668829669161E-02
     chi_2_2=  0.446300000000011E+03  0.597970652031248E-01  0.434050766580052E-02
     chi_2_2=  0.446400000000011E+03  0.606684603140538E-01  0.446985129111289E-02
     chi_2_2=  0.446500000000011E+03  0.615657222947190E-01  0.460505210431965E-02
     chi_2_2=  0.446600000000011E+03  0.624900130194503E-01  0.474646845015397E-02
     chi_2_2=  0.446700000000011E+03  0.634425645391672E-01  0.489448644523962E-02
     chi_2_2=  0.446800000000011E+03  0.644246844222633E-01  0.504952259582492E-02
     chi_2_2=  0.446900000000011E+03  0.654377615868153E-01  0.521202670730277E-02
     chi_2_2=  0.447000000000011E+03  0.664832726773582E-01  0.538248512322441E-02
     chi_2_2=  0.447100000000011E+03  0.675627890455700E-01  0.556142433698789E-02
     chi_2_2=  0.447200000000011E+03  0.686779844025083E-01  0.574941502598061E-02
     chi_2_2=  0.447300000000011E+03  0.698306432177844E-01  0.594707656538384E-02
     chi_2_2=  0.447400000000011E+03  0.710226699512944E-01  0.615508208777317E-02
     chi_2_2=  0.447500000000011E+03  0.722560992145963E-01  0.637416416509443E-02
     chi_2_2=  0.447600000000011E+03  0.735331069713957E-01  0.660512120175490E-02
     chi_2_2=  0.447700000000011E+03  0.748560229016574E-01  0.684882464206207E-02
     chi_2_2=  0.447800000000011E+03  0.762273440714409E-01  0.710622711244890E-02
     chi_2_2=  0.447900000000011E+03  0.776497500694268E-01  0.737837163908519E-02
     chi_2_2=  0.448000000000011E+03  0.791261197946509E-01  0.766640210579234E-02
     chi_2_2=  0.448100000000011E+03  0.806595501063360E-01  0.797157514604874E-02
     chi_2_2=  0.448200000000011E+03  0.822533765768470E-01  0.829527369735432E-02
     chi_2_2=  0.448300000000011E+03  0.839111966254801E-01  0.863902248797372E-02
     chi_2_2=  0.448400000000011E+03  0.856368953515655E-01  0.900450577601957E-02
     chi_2_2=  0.448500000000011E+03  0.874346744345043E-01  0.939358772155765E-02
     chi_2_2=  0.448600000000011E+03  0.893090845249068E-01  0.980833584594055E-02
     chi_2_2=  0.448700000000011E+03  0.912650616177350E-01  0.102510481222559E-01
     chi_2_2=  0.448800000000011E+03  0.933079679764366E-01  0.107242843504100E-01
     chi_2_2=  0.448900000000011E+03  0.954436382688171E-01  0.112309026049731E-01
     chi_2_2=  0.449000000000011E+03  0.976784316834024E-01  0.117741017098590E-01
     chi_2_2=  0.449100000000011E+03  0.100019290922715E+00  0.123574708994668E-01
     chi_2_2=  0.449200000000011E+03  0.102473809119188E+00  0.129850480811987E-01
     chi_2_2=  0.449300000000011E+03  0.105050305897541E+00  0.136613884336353E-01
     chi_2_2=  0.449400000000011E+03  0.107757914015922E+00  0.143916454750620E-01
     chi_2_2=  0.449500000000011E+03  0.110606678264176E+00  0.151816672420651E-01
     chi_2_2=  0.449600000000011E+03  0.113607668588537E+00  0.160381108584326E-01
     chi_2_2=  0.449700000000011E+03  0.116773109753037E+00  0.169685795906590E-01
     chi_2_2=  0.449800000000011E+03  0.120116530244760E+00  0.179817875314270E-01
     chi_2_2=  0.449900000000011E+03  0.123652933595721E+00  0.190877584005723E-01
     chi_2_2=  0.450000000000011E+03  0.127398995824032E+00  0.202980666988540E-01
     chi_2_2=  0.450100000000011E+03  0.131373293301873E+00  0.216261317283159E-01
     chi_2_2=  0.450200000000011E+03  0.135596566024065E+00  0.230875779826547E-01
     chi_2_2=  0.450300000000011E+03  0.140092021960092E+00  0.247006793608175E-01
     chi_2_2=  0.450400000000011E+03  0.144885688878031E+00  0.264869099111940E-01
     chi_2_2=  0.450500000000011E+03  0.150006820634263E+00  0.284716308499620E-01
     chi_2_2=  0.450600000000012E+03  0.155488365260676E+00  0.306849530891553E-01
     chi_2_2=  0.450700000000012E+03  0.161367501939016E+00  0.331628274050103E-01
     chi_2_2=  0.450800000000012E+03  0.167686252597666E+00  0.359484320258518E-01
     chi_2_2=  0.450900000000012E+03  0.174492170461209E+00  0.390939517461142E-01
     chi_2_2=  0.451000000000012E+03  0.181839100810609E+00  0.426628764413616E-01
     chi_2_2=  0.451100000000012E+03  0.189787995691190E+00  0.467329940473937E-01
     chi_2_2=  0.451200000000012E+03  0.198407739479742E+00  0.514003193802736E-01
     chi_2_2=  0.451300000000012E+03  0.207775897685106E+00  0.567842937984499E-01
     chi_2_2=  0.451400000000012E+03  0.217979222298891E+00  0.630347231762809E-01
     chi_2_2=  0.451500000000012E+03  0.229113607338352E+00  0.703411088568539E-01
     chi_2_2=  0.451600000000012E+03  0.241282941373306E+00  0.789452887987233E-01
     chi_2_2=  0.451700000000012E+03  0.254595866330650E+00  0.891586676276564E-01
     chi_2_2=  0.451800000000012E+03  0.269158673051453E+00  0.101385792568472E+00
     chi_2_2=  0.451900000000012E+03  0.285061171711243E+00  0.116156611475435E+00
     chi_2_2=  0.452000000000012E+03  0.302349880458142E+00  0.134170301852961E+00
     chi_2_2=  0.452100000000012E+03  0.320978419795627E+00  0.156353640959299E+00
     chi_2_2=  0.452200000000012E+03  0.340717155637220E+00  0.183935214951725E+00
     chi_2_2=  0.452300000000012E+03  0.360990838491792E+00  0.218529963363387E+00
     chi_2_2=  0.452400000000012E+03  0.380592452585016E+00  0.262208312731880E+00
     chi_2_2=  0.452500000000012E+03  0.397197150957564E+00  0.317471702980172E+00
     chi_2_2=  0.452600000000012E+03  0.406598866769074E+00  0.386935861112025E+00
     chi_2_2=  0.452700000000012E+03  0.401715705342291E+00  0.472294407019851E+00
     chi_2_2=  0.452800000000012E+03  0.371924925469002E+00  0.571874891161778E+00
     chi_2_2=  0.452900000000012E+03  0.304539511036083E+00  0.676434363524915E+00
     chi_2_2=  0.453000000000012E+03  0.191450646243349E+00  0.765438418525910E+00
     chi_2_2=  0.453100000000012E+03  0.406173278573293E-01  0.811071736023848E+00
     chi_2_2=  0.453200000000012E+03  -.119180224640165E+00  0.795021739990503E+00
     chi_2_2=  0.453300000000012E+03  -.253303886266168E+00  0.724053793752679E+00
     chi_2_2=  0.453400000000012E+03  -.342976700614722E+00  0.623910721483388E+00
     chi_2_2=  0.453500000000012E+03  -.389806486893556E+00  0.520056234096429E+00
     chi_2_2=  0.453600000000012E+03  -.405459891157089E+00  0.427105923702254E+00
     chi_2_2=  0.453700000000012E+03  -.402013915401637E+00  0.349869904618899E+00
     chi_2_2=  0.453800000000012E+03  -.388287601842332E+00  0.287896864217740E+00
     chi_2_2=  0.453900000000012E+03  -.369780449242717E+00  0.238827516706798E+00
     chi_2_2=  0.454000000000012E+03  -.349632709795519E+00  0.200033058548608E+00
     chi_2_2=  0.454100000000012E+03  -.329527071103243E+00  0.169215600605407E+00
     chi_2_2=  0.454200000000012E+03  -.310304747182453E+00  0.144540771583297E+00
     chi_2_2=  0.454300000000012E+03  -.292339635104495E+00  0.124599701457184E+00
     chi_2_2=  0.454400000000012E+03  -.275753814434270E+00  0.108326686902218E+00
     chi_2_2=  0.454500000000012E+03  -.260538472131653E+00  0.949183934919502E-01
     chi_2_2=  0.454600000000012E+03  -.246620725090560E+00  0.837675821100313E-01
     chi_2_2=  0.454700000000012E+03  -.233900041997683E+00  0.744124285030176E-01
     chi_2_2=  0.454800000000012E+03  -.222267713593709E+00  0.664989345307152E-01
     chi_2_2=  0.454900000000012E+03  -.211616911134109E+00  0.597533925825791E-01
     chi_2_2=  0.455000000000013E+03  -.201847547188733E+00  0.539622741645204E-01
     chi_2_2=  0.455100000000013E+03  -.192868295663162E+00  0.489575082884949E-01
     chi_2_2=  0.455200000000013E+03  -.184597090647547E+00  0.446056496099247E-01
     chi_2_2=  0.455300000000013E+03  -.176960842304871E+00  0.407998542912876E-01
     chi_2_2=  0.455400000000013E+03  -.169894780659201E+00  0.374538900759401E-01
     chi_2_2=  0.455500000000013E+03  -.163341653126247E+00  0.344976286303198E-01
     chi_2_2=  0.455600000000013E+03  -.157250896877689E+00  0.318736254371641E-01
     chi_2_2=  0.455700000000013E+03  -.151577847940094E+00  0.295345036470928E-01
     chi_2_2=  0.455800000000013E+03  -.146283015729230E+00  0.274409368943328E-01
     chi_2_2=  0.455900000000013E+03  -.141331433395728E+00  0.255600818719321E-01
     chi_2_2=  0.456000000000013E+03  -.136692084549968E+00  0.238643512700356E-01
     chi_2_2=  0.456100000000013E+03  -.132337401976295E+00  0.223304462618332E-01
     chi_2_2=  0.456200000000013E+03  -.128242831731019E+00  0.209385883850482E-01
     chi_2_2=  0.456300000000013E+03  -.124386455313091E+00  0.196719057105697E-01
     chi_2_2=  0.456400000000013E+03  -.120748662697562E+00  0.185159392231098E-01
     chi_2_2=  0.456500000000013E+03  -.117311869524389E+00  0.174582434897093E-01
     chi_2_2=  0.456600000000013E+03  -.114060272405259E+00  0.164880617557461E-01
     chi_2_2=  0.456700000000013E+03  -.110979637028082E+00  0.155960601525149E-01
     chi_2_2=  0.456800000000013E+03  -.108057114429405E+00  0.147741091280305E-01
     chi_2_2=  0.456900000000013E+03  -.105281081441458E+00  0.140151028162240E-01
     chi_2_2=  0.457000000000013E+03  -.102641001888922E+00  0.133128090498670E-01
     chi_2_2=  0.457100000000013E+03  -.100127305606130E+00  0.126617442527276E-01
     chi_2_2=  0.457200000000013E+03  -.977312827758986E-01  0.120570686309965E-01
     chi_2_2=  0.457300000000013E+03  -.954449914592830E-01  0.114944980055800E-01
     chi_2_2=  0.457400000000013E+03  -.932611765002391E-01  0.109702293482822E-01
     chi_2_2=  0.457500000000013E+03  -.911731982556617E-01  0.104808776522654E-01
     chi_2_2=  0.457600000000013E+03  -.891749698289732E-01  0.100234222163226E-01
     chi_2_2=  0.457700000000013E+03  -.872609016768240E-01  0.959516077911099E-02
     chi_2_2=  0.457800000000013E+03  -.854258526220600E-01  0.919367022466831E-02
     chi_2_2=  0.457900000000013E+03  -.836650864434814E-01  0.881677280904857E-02
     chi_2_2=  0.458000000000013E+03  -.819742333307365E-01  0.846250704239731E-02
     chi_2_2=  0.458100000000013E+03  -.803492555916920E-01  0.812910250987857E-02
     chi_2_2=  0.458200000000013E+03  -.787864170845038E-01  0.781495803621203E-02
     chi_2_2=  0.458300000000013E+03  -.772822559184619E-01  0.751862269751347E-02
     chi_2_2=  0.458400000000013E+03  -.758335600293329E-01  0.723877926526046E-02
     chi_2_2=  0.458500000000013E+03  -.744373452871367E-01  0.697422973382579E-02
     chi_2_2=  0.458600000000013E+03  -.730908358395148E-01  0.672388263810554E-02
     chi_2_2=  0.458700000000013E+03  -.717914464321757E-01  0.648674191329815E-02
     chi_2_2=  0.458800000000013E+03  -.705367664811436E-01  0.626189708678343E-02
     chi_2_2=  0.458900000000013E+03  -.693245456997631E-01  0.604851462356764E-02
     chi_2_2=  0.459000000000013E+03  -.681526811084006E-01  0.584583027323545E-02
     chi_2_2=  0.459100000000013E+03  -.670192052755643E-01  0.565314228840662E-02
     chi_2_2=  0.459200000000013E+03  -.659222756578068E-01  0.546980540337614E-02
     chi_2_2=  0.459300000000013E+03  -.648601649215068E-01  0.529522547729216E-02
     chi_2_2=  0.459400000000014E+03  -.638312521436492E-01  0.512885471955465E-02
     chi_2_2=  0.459500000000014E+03  -.628340148007668E-01  0.497018742639134E-02
     chi_2_2=  0.459600000000014E+03  -.618670214652105E-01  0.481875616707859E-02
     chi_2_2=  0.459700000000014E+03  -.609289251379627E-01  0.467412836659381E-02
     chi_2_2=  0.459800000000014E+03  -.600184571544505E-01  0.453590323834705E-02
     chi_2_2=  0.459900000000014E+03  -.591344216070617E-01  0.440370902666240E-02
     chi_2_2=  0.460000000000014E+03  -.582756902346316E-01  0.427720052388065E-02
     chi_2_2=  0.460100000000014E+03  -.574411977338671E-01  0.415605683126712E-02
     chi_2_2=  0.460200000000014E+03  -.566299374531363E-01  0.403997933682682E-02
     chi_2_2=  0.460300000000014E+03  -.558409574328993E-01  0.392868988637211E-02
     chi_2_2=  0.460400000000014E+03  -.550733567607281E-01  0.382192912703664E-02
     chi_2_2=  0.460500000000014E+03  -.543262822125421E-01  0.371945500496199E-02
     chi_2_2=  0.460600000000014E+03  -.535989251540816E-01  0.362104140096492E-02
     chi_2_2=  0.460700000000014E+03  -.528905186797210E-01  0.352647688993753E-02
     chi_2_2=  0.460800000000014E+03  -.522003349676563E-01  0.343556361132039E-02
     chi_2_2=  0.460900000000014E+03  -.515276828327819E-01  0.334811623945222E-02
     chi_2_2=  0.461000000000014E+03  -.508719054603366E-01  0.326396104384582E-02
     chi_2_2=  0.461100000000014E+03  -.502323783048976E-01  0.318293503052273E-02
     chi_2_2=  0.461200000000014E+03  -.496085071409893E-01  0.310488515653797E-02
     chi_2_2=  0.461300000000014E+03  -.489997262527468E-01  0.302966761065834E-02
     chi_2_2=  0.461400000000014E+03  -.484054967511353E-01  0.295714715389692E-02
     chi_2_2=  0.461500000000014E+03  -.478253050085971E-01  0.288719651430874E-02
     chi_2_2=  0.461600000000014E+03  -.472586612015067E-01  0.281969583098450E-02
     chi_2_2=  0.461700000000014E+03  -.467050979520556E-01  0.275453214274827E-02
     chi_2_2=  0.461800000000014E+03  -.461641690617278E-01  0.269159891749645E-02
     chi_2_2=  0.461900000000014E+03  -.456354483292479E-01  0.263079561853019E-02
     chi_2_2=  0.462000000000014E+03  -.451185284465379E-01  0.257202730459919E-02
     chi_2_2=  0.462100000000014E+03  -.446130199667883E-01  0.251520426070176E-02
     chi_2_2=  0.462200000000014E+03  -.441185503391820E-01  0.246024165696447E-02
     chi_2_2=  0.462300000000014E+03  -.436347630053436E-01  0.240705923319266E-02
     chi_2_2=  0.462400000000014E+03  -.431613165530083E-01  0.235558100691323E-02
     chi_2_2=  0.462500000000014E+03  -.426978839226385E-01  0.230573500292214E-02
     chi_2_2=  0.462600000000014E+03  -.422441516633139E-01  0.225745300256172E-02
     chi_2_2=  0.462700000000014E+03  -.417998192342479E-01  0.221067031108837E-02
     chi_2_2=  0.462800000000014E+03  -.413645983487886E-01  0.216532554166332E-02
     chi_2_2=  0.462900000000014E+03  -.409382123578937E-01  0.212136041462055E-02
     chi_2_2=  0.463000000000014E+03  -.405203956703430E-01  0.207871957079037E-02
     chi_2_2=  0.463100000000014E+03  -.401108932072092E-01  0.203735039777030E-02
     chi_2_2=  0.463200000000014E+03  -.397094598881779E-01  0.199720286811967E-02
     chi_2_2=  0.463300000000014E+03  -.393158601476581E-01  0.195822938856162E-02
     chi_2_2=  0.463400000000014E+03  -.389298674786140E-01  0.192038465933722E-02
     chi_2_2=  0.463500000000014E+03  -.385512640023750E-01  0.188362554294775E-02
     chi_2_2=  0.463600000000014E+03  -.381798400626212E-01  0.184791094156632E-02
     chi_2_2=  0.463700000000014E+03  -.378153938420519E-01  0.181320168247858E-02
     chi_2_2=  0.463800000000015E+03  -.374577310002466E-01  0.177946041095447E-02
     chi_2_2=  0.463900000000015E+03  -.371066643313779E-01  0.174665149000678E-02
     chi_2_2=  0.464000000000015E+03  -.367620134405052E-01  0.171474090653378E-02
     chi_2_2=  0.464100000000015E+03  -.364236044372829E-01  0.168369618338571E-02
     chi_2_2=  0.464200000000015E+03  -.360912696460585E-01  0.165348629693717E-02
     chi_2_2=  0.464300000000015E+03  -.357648473312441E-01  0.162408159976523E-02
     chi_2_2=  0.464400000000015E+03  -.354441814371481E-01  0.159545374808629E-02
     chi_2_2=  0.464500000000015E+03  -.351291213412994E-01  0.156757563361149E-02
     chi_2_2=  0.464600000000015E+03  -.348195216205112E-01  0.154042131952141E-02
     chi_2_2=  0.464700000000015E+03  -.345152418288821E-01  0.151396598027392E-02
     chi_2_2=  0.464800000000015E+03  -.342161462870693E-01  0.148818584498894E-02
     chi_2_2=  0.464900000000015E+03  -.339221038821705E-01  0.146305814416893E-02
     chi_2_2=  0.465000000000015E+03  -.336329878775503E-01  0.143856105952855E-02
     chi_2_2=  0.465100000000015E+03  -.333486757320978E-01  0.141467367673278E-02
     chi_2_2=  0.465200000000015E+03  -.330690489283575E-01  0.139137594085106E-02
     chi_2_2=  0.465300000000015E+03  -.327939928090073E-01  0.136864861434862E-02
     chi_2_2=  0.465400000000015E+03  -.325233964212328E-01  0.134647323745290E-02
     chi_2_2=  0.465500000000015E+03  -.322571523685848E-01  0.132483209074489E-02
     chi_2_2=  0.465600000000015E+03  -.319951566698506E-01  0.130370815982972E-02
     chi_2_2=  0.465700000000015E+03  -.317373086245784E-01  0.128308510195729E-02
     chi_2_2=  0.465800000000015E+03  -.314835106849218E-01  0.126294721447331E-02
     chi_2_2=  0.465900000000015E+03  -.312336683334188E-01  0.124327940498363E-02
     chi_2_2=  0.466000000000015E+03  -.309876899663930E-01  0.122406716312692E-02
     chi_2_2=  0.466100000000015E+03  -.307454867827157E-01  0.120529653386016E-02
     chi_2_2=  0.466200000000015E+03  -.305069726776013E-01  0.118695409216191E-02
     chi_2_2=  0.466300000000015E+03  -.302720641411733E-01  0.116902691906798E-02
     chi_2_2=  0.466400000000015E+03  -.300406801616187E-01  0.115150257896511E-02
     chi_2_2=  0.466500000000015E+03  -.298127421325785E-01  0.113436909805891E-02
     chi_2_2=  0.466600000000015E+03  -.295881737646616E-01  0.111761494395537E-02
     chi_2_2=  0.466700000000015E+03  -.293669010008280E-01  0.110122900628697E-02
     chi_2_2=  0.466800000000015E+03  -.291488519354316E-01  0.108520057832214E-02
     chi_2_2=  0.466900000000015E+03  -.289339567367700E-01  0.106951933950352E-02
     chi_2_2=  0.467000000000015E+03  -.287221475729453E-01  0.105417533886036E-02
     chi_2_2=  0.467100000000015E+03  -.285133585408772E-01  0.103915897924587E-02
     chi_2_2=  0.467200000000015E+03  -.283075255983312E-01  0.102446100235411E-02
     chi_2_2=  0.467300000000015E+03  -.281045864987646E-01  0.101007247446941E-02
     chi_2_2=  0.467400000000015E+03  -.279044807289175E-01  0.995984772911816E-03
     chi_2_2=  0.467500000000015E+03  -.277071494489762E-01  0.982189573137592E-03
     chi_2_2=  0.467600000000015E+03  -.275125354351874E-01  0.968678836458635E-03
     chi_2_2=  0.467700000000015E+03  -.273205830248267E-01  0.955444798348722E-03
     chi_2_2=  0.467800000000015E+03  -.271312380633884E-01  0.942479957303107E-03
     chi_2_2=  0.467900000000015E+03  -.269444478539042E-01  0.929777064222656E-03
     chi_2_2=  0.468000000000015E+03  -.267601611083062E-01  0.917329112295548E-03
     chi_2_2=  0.468100000000015E+03  -.265783279006812E-01  0.905129327345952E-03
     chi_2_2=  0.468200000000016E+03  -.263988996224278E-01  0.893171158631968E-03
     chi_2_2=  0.468300000000016E+03  -.262218289391211E-01  0.881448270061942E-03
     chi_2_2=  0.468400000000016E+03  -.260470697490893E-01  0.869954531812786E-03
     chi_2_2=  0.468500000000016E+03  -.258745771435807E-01  0.858684012326700E-03
     chi_2_2=  0.468600000000016E+03  -.257043073684744E-01  0.847630970668421E-03
     chi_2_2=  0.468700000000016E+03  -.255362177874405E-01  0.836789849222897E-03
     chi_2_2=  0.468800000000016E+03  -.253702668465132E-01  0.826155266718057E-03
     chi_2_2=  0.468900000000016E+03  -.252064140399979E-01  0.815722011555033E-03
     chi_2_2=  0.469000000000016E+03  -.250446198776538E-01  0.805485035430543E-03
     chi_2_2=  0.469100000000016E+03  -.248848458530965E-01  0.795439447236881E-03
     chi_2_2=  0.469200000000016E+03  -.247270544133934E-01  0.785580507227341E-03
     chi_2_2=  0.469300000000016E+03  -.245712089297479E-01  0.775903621430796E-03
     chi_2_2=  0.469400000000016E+03  -.244172736692839E-01  0.766404336306749E-03
     chi_2_2=  0.469500000000016E+03  -.242652137678387E-01  0.757078333626481E-03
     chi_2_2=  0.469600000000016E+03  -.241149952037567E-01  0.747921425571550E-03
     chi_2_2=  0.469700000000016E+03  -.239665847726031E-01  0.738929550036695E-03
     chi_2_2=  0.469800000000016E+03  -.238199500628077E-01  0.730098766130491E-03
     chi_2_2=  0.469900000000016E+03  -.236750594321571E-01  0.721425249861668E-03
     chi_2_2=  0.470000000000016E+03  -.235318819851195E-01  0.712905290003582E-03
     chi_2_2=  0.470100000000016E+03  -.233903875509711E-01  0.704535284128527E-03
     chi_2_2=  0.470200000000016E+03  -.232505466626801E-01  0.696311734803505E-03
     chi_2_2=  0.470300000000016E+03  -.231123305365320E-01  0.688231245940642E-03
     chi_2_2=  0.470400000000016E+03  -.229757110524528E-01  0.680290519294426E-03
     chi_2_2=  0.470500000000016E+03  -.228406607350056E-01  0.672486351099213E-03
     chi_2_2=  0.470600000000016E+03  -.227071527350411E-01  0.664815628841007E-03
     chi_2_2=  0.470700000000016E+03  -.225751608119663E-01  0.657275328156997E-03
     chi_2_2=  0.470800000000016E+03  -.224446593166186E-01  0.649862509857556E-03
     chi_2_2=  0.470900000000016E+03  -.223156231747034E-01  0.642574317064376E-03
     chi_2_2=  0.471000000000016E+03  -.221880278707973E-01  0.635407972460799E-03
     chi_2_2=  0.471100000000016E+03  -.220618494328728E-01  0.628360775648171E-03
     chi_2_2=  0.471200000000016E+03  -.219370644173347E-01  0.621430100604158E-03
     chi_2_2=  0.471300000000016E+03  -.218136498945566E-01  0.614613393238939E-03
     chi_2_2=  0.471400000000016E+03  -.216915834348800E-01  0.607908169044050E-03
     chi_2_2=  0.471500000000016E+03  -.215708430950688E-01  0.601312010830357E-03
     chi_2_2=  0.471600000000016E+03  -.214514074052085E-01  0.594822566551790E-03
     chi_2_2=  0.471700000000016E+03  -.213332553560211E-01  0.588437547210358E-03
     chi_2_2=  0.471800000000016E+03  -.212163663865824E-01  0.582154724839199E-03
     chi_2_2=  0.471900000000016E+03  -.211007203724402E-01  0.575971930561024E-03
     chi_2_2=  0.472000000000016E+03  -.209862976140961E-01  0.569887052717607E-03
     chi_2_2=  0.472100000000016E+03  -.208730788258593E-01  0.563898035068420E-03
     chi_2_2=  0.472200000000016E+03  -.207610451250420E-01  0.558002875054763E-03
     chi_2_2=  0.472300000000016E+03  -.206501780214974E-01  0.552199622127273E-03
     chi_2_2=  0.472400000000016E+03  -.205404594074786E-01  0.546486376133714E-03
     chi_2_2=  0.472500000000016E+03  -.204318715478094E-01  0.540861285764767E-03
     chi_2_2=  0.472600000000017E+03  -.203243970703583E-01  0.535322547055495E-03
     chi_2_2=  0.472700000000017E+03  -.202180189568016E-01  0.529868401940104E-03
     chi_2_2=  0.472800000000017E+03  -.201127205336689E-01  0.524497136858034E-03
     chi_2_2=  0.472900000000017E+03  -.200084854636575E-01  0.519207081409004E-03
     chi_2_2=  0.473000000000017E+03  -.199052977372060E-01  0.513996607055261E-03
     chi_2_2=  0.473100000000017E+03  -.198031416643272E-01  0.508864125869415E-03
     chi_2_2=  0.473200000000017E+03  -.197020018666710E-01  0.503808089325062E-03
     chi_2_2=  0.473300000000017E+03  -.196018632698373E-01  0.498826987130061E-03
     chi_2_2=  0.473400000000017E+03  -.195027110959061E-01  0.493919346099329E-03
     chi_2_2=  0.473500000000017E+03  -.194045308561855E-01  0.489083729066247E-03
     chi_2_2=  0.473600000000017E+03  -.193073083441778E-01  0.484318733831407E-03
     chi_2_2=  0.473700000000017E+03  -.192110296287474E-01  0.479622992146867E-03
     chi_2_2=  0.473800000000017E+03  -.191156810474817E-01  0.474995168734445E-03
     chi_2_2=  0.473900000000017E+03  -.190212492002507E-01  0.470433960337326E-03
     chi_2_2=  0.474000000000017E+03  -.189277209429435E-01  0.465938094802999E-03
     chi_2_2=  0.474100000000017E+03  -.188350833813872E-01  0.461506330196865E-03
     chi_2_2=  0.474200000000017E+03  -.187433238654389E-01  0.457137453945186E-03
     chi_2_2=  0.474300000000017E+03  -.186524299832435E-01  0.452830282006256E-03
     chi_2_2=  0.474400000000017E+03  -.185623895556503E-01  0.448583658068551E-03
     chi_2_2=  0.474500000000017E+03  -.184731906307887E-01  0.444396452775252E-03
     chi_2_2=  0.474600000000017E+03  -.183848214787940E-01  0.440267562973834E-03
     chi_2_2=  0.474700000000017E+03  -.182972705866811E-01  0.436195910990081E-03
     chi_2_2=  0.474800000000017E+03  -.182105266533540E-01  0.432180443925105E-03
     chi_2_2=  0.474900000000017E+03  -.181245785847615E-01  0.428220132975377E-03
     chi_2_2=  0.475000000000017E+03  -.180394154891733E-01  0.424313972773865E-03
     chi_2_2=  0.475100000000017E+03  -.179550266725959E-01  0.420460980752575E-03
     chi_2_2=  0.475200000000017E+03  -.178714016343063E-01  0.416660196524975E-03
     chi_2_2=  0.475300000000017E+03  -.177885300625082E-01  0.412910681287906E-03
     chi_2_2=  0.475400000000017E+03  -.177064018301053E-01  0.409211517242308E-03
     chi_2_2=  0.475500000000017E+03  -.176250069905822E-01  0.405561807031658E-03
     chi_2_2=  0.475600000000017E+03  -.175443357740037E-01  0.401960673198344E-03
     chi_2_2=  0.475700000000017E+03  -.174643785831147E-01  0.398407257656504E-03
     chi_2_2=  0.475800000000017E+03  -.173851259895431E-01  0.394900721181143E-03
     chi_2_2=  0.475900000000017E+03  -.173065687301007E-01  0.391440242912823E-03
     chi_2_2=  0.476000000000017E+03  -.172286977031886E-01  0.388025019877756E-03
     chi_2_2=  0.476100000000017E+03  -.171515039652864E-01  0.384654266522093E-03
     chi_2_2=  0.476200000000017E+03  -.170749787275378E-01  0.381327214260480E-03
     chi_2_2=  0.476300000000017E+03  -.169991133524241E-01  0.378043111038255E-03
     chi_2_2=  0.476400000000017E+03  -.169238993505215E-01  0.374801220906631E-03
     chi_2_2=  0.476500000000017E+03  -.168493283773422E-01  0.371600823610617E-03
     chi_2_2=  0.476600000000017E+03  -.167753922302541E-01  0.368441214189138E-03
     chi_2_2=  0.476700000000017E+03  -.167020828454860E-01  0.365321702587254E-03
     chi_2_2=  0.476800000000017E+03  -.166293922951974E-01  0.362241613279348E-03
     chi_2_2=  0.476900000000017E+03  -.165573127846291E-01  0.359200284903709E-03
     chi_2_2=  0.477000000000018E+03  -.164858366493234E-01  0.356197069907663E-03
     chi_2_2=  0.477100000000018E+03  -.164149563524171E-01  0.353231334203217E-03
     chi_2_2=  0.477200000000018E+03  -.163446644819930E-01  0.350302456832292E-03
     chi_2_2=  0.477300000000018E+03  -.162749537485071E-01  0.347409829642066E-03
     chi_2_2=  0.477400000000018E+03  -.162058169822718E-01  0.344552856969311E-03
     chi_2_2=  0.477500000000018E+03  -.161372471310054E-01  0.341730955333979E-03
     chi_2_2=  0.477600000000018E+03  -.160692372574386E-01  0.338943553141388E-03
     chi_2_2=  0.477700000000018E+03  -.160017805369805E-01  0.336190090392945E-03
     chi_2_2=  0.477800000000018E+03  -.159348702554418E-01  0.333470018405019E-03
     chi_2_2=  0.477900000000018E+03  -.158684998068113E-01  0.330782799535714E-03
     chi_2_2=  0.478000000000018E+03  -.158026626910875E-01  0.328127906919362E-03
     chi_2_2=  0.478100000000018E+03  -.157373525121616E-01  0.325504824208393E-03
     chi_2_2=  0.478200000000018E+03  -.156725629757496E-01  0.322913045322348E-03
     chi_2_2=  0.478300000000018E+03  -.156082878873767E-01  0.320352074203985E-03
     chi_2_2=  0.478400000000018E+03  -.155445211504069E-01  0.317821424581981E-03
     chi_2_2=  0.478500000000018E+03  -.154812567641183E-01  0.315320619740179E-03
     chi_2_2=  0.478600000000018E+03  -.154184888218268E-01  0.312849192293257E-03
     chi_2_2=  0.478700000000018E+03  -.153562115090518E-01  0.310406683968428E-03
     chi_2_2=  0.478800000000018E+03  -.152944191017233E-01  0.307992645393058E-03
     chi_2_2=  0.478900000000018E+03  -.152331059644330E-01  0.305606635888104E-03
     chi_2_2=  0.479000000000018E+03  -.151722665487265E-01  0.303248223267151E-03
     chi_2_2=  0.479100000000018E+03  -.151118953914301E-01  0.300916983640672E-03
     chi_2_2=  0.479200000000018E+03  -.150519871130208E-01  0.298612501225696E-03
     chi_2_2=  0.479300000000018E+03  -.149925364160341E-01  0.296334368160608E-03
     chi_2_2=  0.479400000000018E+03  -.149335380835008E-01  0.294082184324539E-03
     chi_2_2=  0.479500000000018E+03  -.148749869774287E-01  0.291855557161953E-03
     chi_2_2=  0.479600000000018E+03  -.148168780373150E-01  0.289654101511658E-03
     chi_2_2=  0.479700000000018E+03  -.147592062786860E-01  0.287477439440138E-03
     chi_2_2=  0.479800000000018E+03  -.147019667916799E-01  0.285325200079586E-03
     chi_2_2=  0.479900000000018E+03  -.146451547396560E-01  0.283197019469976E-03
     chi_2_2=  0.480000000000018E+03  -.145887653578337E-01  0.281092540405220E-03
     chi_2_2=  0.480100000000018E+03  -.145327939519637E-01  0.279011412283332E-03
     chi_2_2=  0.480200000000018E+03  -.144772358970284E-01  0.276953290960490E-03
     chi_2_2=  0.480300000000018E+03  -.144220866359722E-01  0.274917838608866E-03
     chi_2_2=  0.480400000000018E+03  -.143673416784558E-01  0.272904723577978E-03
     chi_2_2=  0.480500000000018E+03  -.143129965996398E-01  0.270913620259630E-03
     chi_2_2=  0.480600000000018E+03  -.142590470389999E-01  0.268944208956479E-03
     chi_2_2=  0.480700000000018E+03  -.142054886991558E-01  0.266996175753501E-03
     chi_2_2=  0.480800000000018E+03  -.141523173447393E-01  0.265069212393185E-03
     chi_2_2=  0.480900000000018E+03  -.140995288012760E-01  0.263163016153488E-03
     chi_2_2=  0.481000000000018E+03  -.140471189540969E-01  0.261277289729051E-03
     chi_2_2=  0.481100000000018E+03  -.139950837472702E-01  0.259411741115269E-03
     chi_2_2=  0.481200000000018E+03  -.139434191825607E-01  0.257566083495427E-03
     chi_2_2=  0.481300000000018E+03  -.138921213184030E-01  0.255740035130307E-03
     chi_2_2=  0.481400000000019E+03  -.138411862689043E-01  0.253933319250849E-03
     chi_2_2=  0.481500000000019E+03  -.137906102028651E-01  0.252145663953285E-03
     chi_2_2=  0.481600000000019E+03  -.137403893428202E-01  0.250376802096887E-03
     chi_2_2=  0.481700000000019E+03  -.136905199641000E-01  0.248626471204179E-03
     chi_2_2=  0.481800000000019E+03  -.136409983939111E-01  0.246894413363587E-03
     chi_2_2=  0.481900000000019E+03  -.135918210104387E-01  0.245180375134557E-03
     chi_2_2=  0.482000000000019E+03  -.135429842419635E-01  0.243484107454788E-03
     chi_2_2=  0.482100000000019E+03  -.134944845659982E-01  0.241805365549792E-03
     chi_2_2=  0.482200000000019E+03  -.134463185084453E-01  0.240143908844704E-03
     chi_2_2=  0.482300000000019E+03  -.133984826427661E-01  0.238499500878029E-03
     chi_2_2=  0.482400000000019E+03  -.133509735891723E-01  0.236871909217615E-03
     chi_2_2=  0.482500000000019E+03  -.133037880138302E-01  0.235260905378503E-03
     chi_2_2=  0.482600000000019E+03  -.132569226280826E-01  0.233666264742769E-03
     chi_2_2=  0.482700000000019E+03  -.132103741876878E-01  0.232087766481310E-03
     chi_2_2=  0.482800000000019E+03  -.131641394920700E-01  0.230525193477328E-03
     chi_2_2=  0.482900000000019E+03  -.131182153835897E-01  0.228978332251788E-03
     chi_2_2=  0.483000000000019E+03  -.130725987468258E-01  0.227446972890501E-03
     chi_2_2=  0.483100000000019E+03  -.130272865078706E-01  0.225930908972878E-03
     chi_2_2=  0.483200000000019E+03  -.129822756336437E-01  0.224429937502486E-03
     chi_2_2=  0.483300000000019E+03  -.129375631312155E-01  0.222943858839088E-03
     chi_2_2=  0.483400000000019E+03  -.128931460471429E-01  0.221472476632197E-03
     chi_2_2=  0.483500000000019E+03  -.128490214668249E-01  0.220015597756395E-03
     chi_2_2=  0.483600000000019E+03  -.128051865138620E-01  0.218573032247846E-03
     chi_2_2=  0.483700000000019E+03  -.127616383494366E-01  0.217144593242511E-03
     chi_2_2=  0.483800000000019E+03  -.127183741716965E-01  0.215730096915519E-03
     chi_2_2=  0.483900000000019E+03  -.126753912151604E-01  0.214329362422186E-03
     chi_2_2=  0.484000000000019E+03  -.126326867501267E-01  0.212942211840147E-03
     chi_2_2=  0.484100000000019E+03  -.125902580820967E-01  0.211568470112875E-03
     chi_2_2=  0.484200000000019E+03  -.125481025512111E-01  0.210207964994521E-03
     chi_2_2=  0.484300000000019E+03  -.125062175316938E-01  0.208860526995891E-03
     chi_2_2=  0.484400000000019E+03  -.124646004313086E-01  0.207525989331715E-03
     chi_2_2=  0.484500000000019E+03  -.124232486908245E-01  0.206204187869012E-03
     chi_2_2=  0.484600000000019E+03  -.123821597834934E-01  0.204894961076678E-03
     chi_2_2=  0.484700000000019E+03  -.123413312145358E-01  0.203598149976129E-03
     chi_2_2=  0.484800000000019E+03  -.123007605206375E-01  0.202313598093077E-03
     chi_2_2=  0.484900000000019E+03  -.122604452694547E-01  0.201041151410324E-03
     chi_2_2=  0.485000000000019E+03  -.122203830591286E-01  0.199780658321605E-03
     chi_2_2=  0.485100000000019E+03  -.121805715178101E-01  0.198531969586464E-03
     chi_2_2=  0.485200000000019E+03  -.121410083031930E-01  0.197294938286103E-03
     chi_2_2=  0.485300000000019E+03  -.121016911020542E-01  0.196069419780143E-03
     chi_2_2=  0.485400000000019E+03  -.120626176298049E-01  0.194855271664374E-03
     chi_2_2=  0.485500000000019E+03  -.120237856300497E-01  0.193652353729450E-03
     chi_2_2=  0.485600000000019E+03  -.119851928741507E-01  0.192460527920318E-03
     chi_2_2=  0.485700000000019E+03  -.119468371608043E-01  0.191279658296704E-03
     chi_2_2=  0.485800000000020E+03  -.119087163156233E-01  0.190109610994364E-03
     chi_2_2=  0.485900000000020E+03  -.118708281907253E-01  0.188950254187095E-03
     chi_2_2=  0.486000000000020E+03  -.118331706643321E-01  0.187801458049668E-03
     chi_2_2=  0.486100000000020E+03  -.117957416403731E-01  0.186663094721488E-03
     chi_2_2=  0.486200000000020E+03  -.117585390480977E-01  0.185535038271007E-03
     chi_2_2=  0.486300000000020E+03  -.117215608416938E-01  0.184417164660906E-03
     chi_2_2=  0.486400000000020E+03  -.116848049999147E-01  0.183309351714058E-03
     chi_2_2=  0.486500000000020E+03  -.116482695257106E-01  0.182211479080095E-03
     chi_2_2=  0.486600000000020E+03  -.116119524458676E-01  0.181123428202757E-03
     chi_2_2=  0.486700000000020E+03  -.115758518106538E-01  0.180045082287900E-03
     chi_2_2=  0.486800000000020E+03  -.115399656934702E-01  0.178976326272139E-03
     chi_2_2=  0.486900000000020E+03  -.115042921905104E-01  0.177917046792207E-03
     chi_2_2=  0.487000000000020E+03  -.114688294204229E-01  0.176867132154866E-03
     chi_2_2=  0.487100000000020E+03  -.114335755239820E-01  0.175826472307482E-03
     chi_2_2=  0.487200000000020E+03  -.113985286637628E-01  0.174794958809187E-03
     chi_2_2=  0.487300000000020E+03  -.113636870238237E-01  0.173772484802661E-03
     chi_2_2=  0.487400000000020E+03  -.113290488093924E-01  0.172758944986435E-03
     chi_2_2=  0.487500000000020E+03  -.112946122465594E-01  0.171754235587823E-03
     chi_2_2=  0.487600000000020E+03  -.112603755819747E-01  0.170758254336334E-03
     chi_2_2=  0.487700000000020E+03  -.112263370825524E-01  0.169770900437685E-03
     chi_2_2=  0.487800000000020E+03  -.111924950351760E-01  0.168792074548253E-03
     chi_2_2=  0.487900000000020E+03  -.111588477464154E-01  0.167821678750172E-03
     chi_2_2=  0.488000000000020E+03  -.111253935422421E-01  0.166859616526787E-03
     chi_2_2=  0.488100000000020E+03  -.110921307677535E-01  0.165905792738690E-03
     chi_2_2=  0.488200000000020E+03  -.110590577869007E-01  0.164960113600214E-03
     chi_2_2=  0.488300000000020E+03  -.110261729822195E-01  0.164022486656346E-03
     chi_2_2=  0.488400000000020E+03  -.109934747545690E-01  0.163092820760187E-03
     chi_2_2=  0.488500000000020E+03  -.109609615228724E-01  0.162171026050785E-03
     chi_2_2=  0.488600000000020E+03  -.109286317238614E-01  0.161257013931394E-03
     chi_2_2=  0.488700000000020E+03  -.108964838118279E-01  0.160350697048248E-03
     chi_2_2=  0.488800000000020E+03  -.108645162583779E-01  0.159451989269671E-03
     chi_2_2=  0.488900000000020E+03  -.108327275521892E-01  0.158560805665613E-03
     chi_2_2=  0.489000000000020E+03  -.108011161987735E-01  0.157677062487585E-03
     chi_2_2=  0.489100000000020E+03  -.107696807202439E-01  0.156800677149013E-03
     chi_2_2=  0.489200000000020E+03  -.107384196550841E-01  0.155931568205929E-03
     chi_2_2=  0.489300000000020E+03  -.107073315579226E-01  0.155069655338062E-03
     chi_2_2=  0.489400000000020E+03  -.106764149993106E-01  0.154214859330285E-03
     chi_2_2=  0.489500000000020E+03  -.106456685655034E-01  0.153367102054416E-03
     chi_2_2=  0.489600000000020E+03  -.106150908582451E-01  0.152526306451375E-03
     chi_2_2=  0.489700000000020E+03  -.105846804945571E-01  0.151692396513669E-03
     chi_2_2=  0.489800000000020E+03  -.105544361065306E-01  0.150865297268244E-03
     chi_2_2=  0.489900000000020E+03  -.105243563411217E-01  0.150044934759610E-03
     chi_2_2=  0.490000000000020E+03  -.104944398599494E-01  0.149231236033321E-03
     chi_2_2=  0.490100000000020E+03  -.104646853390983E-01  0.148424129119767E-03
     chi_2_2=  0.490200000000021E+03  -.104350914689227E-01  0.147623543018237E-03
     chi_2_2=  0.490300000000021E+03  -.104056569538577E-01  0.146829407681386E-03
     chi_2_2=  0.490400000000021E+03  -.103763805122267E-01  0.146041653999819E-03
     chi_2_2=  0.490500000000021E+03  -.103472608760584E-01  0.145260213787120E-03
     chi_2_2=  0.490600000000021E+03  -.103182967909025E-01  0.144485019765065E-03
     chi_2_2=  0.490700000000021E+03  -.102894870156524E-01  0.143716005549202E-03
     chi_2_2=  0.490800000000021E+03  -.102608303223651E-01  0.142953105634566E-03
     chi_2_2=  0.490900000000021E+03  -.102323254960899E-01  0.142196255381800E-03
     chi_2_2=  0.491000000000021E+03  -.102039713346952E-01  0.141445391003422E-03
     chi_2_2=  0.491100000000021E+03  -.101757666487011E-01  0.140700449550414E-03
     chi_2_2=  0.491200000000021E+03  -.101477102611129E-01  0.139961368899025E-03
     chi_2_2=  0.491300000000021E+03  -.101198010072579E-01  0.139228087737824E-03
     chi_2_2=  0.491400000000021E+03  -.100920377346242E-01  0.138500545554975E-03
     chi_2_2=  0.491500000000021E+03  -.100644193027029E-01  0.137778682625771E-03
     chi_2_2=  0.491600000000021E+03  -.100369445828321E-01  0.137062440000376E-03
     chi_2_2=  0.491700000000021E+03  -.100096124580434E-01  0.136351759491794E-03
     chi_2_2=  0.491800000000021E+03  -.998242182291167E-02  0.135646583664062E-03
     chi_2_2=  0.491900000000021E+03  -.995537158340489E-02  0.134946855820629E-03
     chi_2_2=  0.492000000000021E+03  -.992846065673826E-02  0.134252519992961E-03
     chi_2_2=  0.492100000000021E+03  -.990168797123157E-02  0.133563520929397E-03
     chi_2_2=  0.492200000000021E+03  -.987505246616503E-02  0.132879804084105E-03
     chi_2_2=  0.492300000000021E+03  -.984855309164053E-02  0.132201315606312E-03
     chi_2_2=  0.492400000000021E+03  -.982218880844467E-02  0.131528002329718E-03
     chi_2_2=  0.492500000000021E+03  -.979595858791186E-02  0.130859811762056E-03
     chi_2_2=  0.492600000000021E+03  -.976986141179179E-02  0.130196692074883E-03
     chi_2_2=  0.492700000000021E+03  -.974389627211761E-02  0.129538592093523E-03
     chi_2_2=  0.492800000000021E+03  -.971806217107657E-02  0.128885461287200E-03
     chi_2_2=  0.492900000000021E+03  -.969235812088260E-02  0.128237249759344E-03
     chi_2_2=  0.493000000000021E+03  -.966678314365065E-02  0.127593908238064E-03
     chi_2_2=  0.493100000000021E+03  -.964133627127221E-02  0.126955388066763E-03
     chi_2_2=  0.493200000000021E+03  -.961601654529512E-02  0.126321641194986E-03
     chi_2_2=  0.493300000000021E+03  -.959082301680165E-02  0.125692620169335E-03
     chi_2_2=  0.493400000000021E+03  -.956575474629189E-02  0.125068278124635E-03
     chi_2_2=  0.493500000000021E+03  -.954081080356589E-02  0.124448568775160E-03
     chi_2_2=  0.493600000000021E+03  -.951599026760952E-02  0.123833446406090E-03
     chi_2_2=  0.493700000000021E+03  -.949129222648159E-02  0.123222865865073E-03
     chi_2_2=  0.493800000000021E+03  -.946671577720177E-02  0.122616782553933E-03
     chi_2_2=  0.493900000000021E+03  -.944226002564144E-02  0.122015152420541E-03
     chi_2_2=  0.494000000000021E+03  -.941792408641524E-02  0.121417931950807E-03
     chi_2_2=  0.494100000000021E+03  -.939370708277434E-02  0.120825078160812E-03
     chi_2_2=  0.494200000000021E+03  -.936960814650157E-02  0.120236548589071E-03
     chi_2_2=  0.494300000000021E+03  -.934562641780776E-02  0.119652301288943E-03
     chi_2_2=  0.494400000000021E+03  -.932176104523043E-02  0.119072294821164E-03
     chi_2_2=  0.494500000000021E+03  -.929801118553208E-02  0.118496488246474E-03
     chi_2_2=  0.494600000000022E+03  -.927437600360164E-02  0.117924841118412E-03
     chi_2_2=  0.494700000000022E+03  -.925085467235776E-02  0.117357313476237E-03
     chi_2_2=  0.494800000000022E+03  -.922744637265071E-02  0.116793865837895E-03
     chi_2_2=  0.494900000000022E+03  -.920415029316917E-02  0.116234459193199E-03
     chi_2_2=  0.495000000000022E+03  -.918096563034571E-02  0.115679054997055E-03
     chi_2_2=  0.495100000000022E+03  -.915789158826533E-02  0.115127615162839E-03
     chi_2_2=  0.495200000000022E+03  -.913492737857419E-02  0.114580102055858E-03
     chi_2_2=  0.495300000000022E+03  -.911207222038970E-02  0.114036478486926E-03
     chi_2_2=  0.495400000000022E+03  -.908932534021333E-02  0.113496707706070E-03
     chi_2_2=  0.495500000000022E+03  -.906668597184226E-02  0.112960753396300E-03
     chi_2_2=  0.495600000000022E+03  -.904415335628470E-02  0.112428579667518E-03
     chi_2_2=  0.495700000000022E+03  -.902172674167417E-02  0.111900151050492E-03
     chi_2_2=  0.495800000000022E+03  -.899940538318735E-02  0.111375432490975E-03
     chi_2_2=  0.495900000000022E+03  -.897718854296057E-02  0.110854389343862E-03
     chi_2_2=  0.496000000000022E+03  -.895507549000989E-02  0.110336987367505E-03
     chi_2_2=  0.496100000000022E+03  -.893306550014968E-02  0.109823192718047E-03
     chi_2_2=  0.496200000000022E+03  -.891115785591557E-02  0.109312971943940E-03
     chi_2_2=  0.496300000000022E+03  -.888935184648502E-02  0.108806291980458E-03
     chi_2_2=  0.496400000000022E+03  -.886764676760166E-02  0.108303120144363E-03
     chi_2_2=  0.496500000000022E+03  -.884604192149938E-02  0.107803424128636E-03
     chi_2_2=  0.496600000000022E+03  -.882453661682752E-02  0.107307171997281E-03
     chi_2_2=  0.496700000000022E+03  -.880313016857782E-02  0.106814332180238E-03
     chi_2_2=  0.496800000000022E+03  -.878182189801102E-02  0.106324873468344E-03
     chi_2_2=  0.496900000000022E+03  -.876061113258633E-02  0.105838765008415E-03
     chi_2_2=  0.497000000000022E+03  -.873949720589040E-02  0.105355976298377E-03
     chi_2_2=  0.497100000000022E+03  -.871847945756731E-02  0.104876477182473E-03
     chi_2_2=  0.497200000000022E+03  -.869755723325060E-02  0.104400237846568E-03
     chi_2_2=  0.497300000000022E+03  -.867672988449480E-02  0.103927228813503E-03
     chi_2_2=  0.497400000000022E+03  -.865599676870938E-02  0.103457420938552E-03
     chi_2_2=  0.497500000000022E+03  -.863535724909273E-02  0.102990785404927E-03
     chi_2_2=  0.497600000000022E+03  -.861481069456599E-02  0.102527293719342E-03
     chi_2_2=  0.497700000000022E+03  -.859435647971060E-02  0.102066917707693E-03
     chi_2_2=  0.497800000000022E+03  -.857399398470373E-02  0.101609629510760E-03
     chi_2_2=  0.497900000000022E+03  -.855372259525643E-02  0.101155401579996E-03
     chi_2_2=  0.498000000000022E+03  -.853354170255203E-02  0.100704206673386E-03
     chi_2_2=  0.498100000000022E+03  -.851345070318475E-02  0.100256017851350E-03
     chi_2_2=  0.498200000000022E+03  -.849344899910070E-02  0.998108084727427E-04
     chi_2_2=  0.498300000000022E+03  -.847353599753803E-02  0.993685521908774E-04
     chi_2_2=  0.498400000000022E+03  -.845371111096861E-02  0.989292229496368E-04
     chi_2_2=  0.498500000000022E+03  -.843397375704016E-02  0.984927949796305E-04
     chi_2_2=  0.498600000000022E+03  -.841432335852011E-02  0.980592427944276E-04
     chi_2_2=  0.498700000000022E+03  -.839475934323857E-02  0.976285411868213E-04
     chi_2_2=  0.498800000000022E+03  -.837528114403425E-02  0.972006652251958E-04
     chi_2_2=  0.498900000000022E+03  -.835588819869787E-02  0.967755902498719E-04
     chi_2_2=  0.499000000000023E+03  -.833657994992003E-02  0.963532918695995E-04
     chi_2_2=  0.499100000000023E+03  -.831735584523738E-02  0.959337459580437E-04
     chi_2_2=  0.499200000000023E+03  -.829821533697932E-02  0.955169286503232E-04
     chi_2_2=  0.499300000000023E+03  -.827915788221700E-02  0.951028163396394E-04
     chi_2_2=  0.499400000000023E+03  -.826018294271216E-02  0.946913856739325E-04
     chi_2_2=  0.499500000000023E+03  -.824128998486606E-02  0.942826135525786E-04
     chi_2_2=  0.499600000000023E+03  -.822247847966967E-02  0.938764771231529E-04
     chi_2_2=  0.499700000000023E+03  -.820374790265506E-02  0.934729537782452E-04
     chi_2_2=  0.499800000000023E+03  -.818509773384617E-02  0.930720211523050E-04
     chi_2_2=  0.499900000000023E+03  -.816652745771065E-02  0.926736571185385E-04
