#  Chi is reported as CHI_(i)_(j) \hbar \omega (meV)  Re(chi) (mu_B^2/meV) Im(chi) (mu_B^2/meV) 
     chi_1_2=  0.000000000000000E+00  -.442129581939720E-02  0.288555140415895E-02
     chi_2_2=  0.000000000000000E+00  0.575374964864734E-01  0.132884653535359E-04
     chi_3_2=  0.000000000000000E+00  -.684767741600682E-10  0.163698218224312E-10
     chi_1_2=  0.100000000000000E+00  -.442980061993724E-02  0.376925672229034E-02
     chi_2_2=  0.100000000000000E+00  0.575411903784678E-01  0.241649704287620E-04
     chi_3_2=  0.100000000000000E+00  -.675143230798445E-10  0.169330858637819E-10
     chi_1_2=  0.200000000000000E+00  -.443914193475491E-02  0.465473583996889E-02
     chi_2_2=  0.200000000000000E+00  0.575470559407248E-01  0.350740353081307E-04
     chi_3_2=  0.200000000000000E+00  -.665535778759375E-10  0.174989722816912E-10
     chi_1_2=  0.300000000000000E+00  -.444932644661155E-02  0.554215579848211E-02
     chi_2_2=  0.300000000000000E+00  0.575551000264113E-01  0.460197646615904E-04
     chi_3_2=  0.300000000000000E+00  -.655943618159989E-10  0.180675964661801E-10
     chi_1_2=  0.400000000000000E+00  -.446036139417181E-02  0.643168501477512E-02
     chi_2_2=  0.400000000000000E+00  0.575653303070439E-01  0.570063062042819E-04
     chi_3_2=  0.400000000000000E+00  -.646364981722188E-10  0.186390755066013E-10
     chi_1_2=  0.500000000000000E+00  -.447225458215682E-02  0.732349339229342E-02
     chi_2_2=  0.500000000000000E+00  0.575777552813599E-01  0.680378548197260E-04
     chi_3_2=  0.500000000000000E+00  -.636798101144590E-10  0.192135282738731E-10
     chi_1_2=  0.600000000000000E+00  -.448501439230983E-02  0.821775243389316E-02
     chi_2_2=  0.600000000000000E+00  0.575923842850082E-01  0.791186567750747E-04
     chi_3_2=  0.600000000000000E+00  -.627241206027727E-10  0.197910755051026E-10
     chi_1_2=  0.700000000000000E+00  -.449864979520281E-02  0.911463535698640E-02
     chi_2_2=  0.700000000000000E+00  0.576092275010917E-01  0.902530140364396E-04
     chi_3_2=  0.700000000000000E+00  -.617692522792002E-10  0.203718398907365E-10
     chi_1_2=  0.800000000000000E+00  -.451317036290821E-02  0.100143172110789E-01
     chi_2_2=  0.800000000000000E+00  0.576282959715422E-01  0.101445288692725E-03
     chi_3_2=  0.800000000000000E+00  -.608150273586382E-10  0.209559461643616E-10
     chi_1_2=  0.900000000000000E+00  -.452858628257164E-02  0.109169749978843E-01
     chi_2_2=  0.900000000000000E+00  0.576496016094061E-01  0.112699907496817E-03
     chi_3_2=  0.900000000000000E+00  -.598612675187137E-10  0.215435211953186E-10
     chi_1_2=  0.100000000000000E+01  -.454490837091375E-02  0.118227877941838E-01
     chi_2_2=  0.100000000000000E+01  0.576731572120164E-01  0.124021366533249E-03
     chi_3_2=  0.100000000000000E+01  -.589077937884587E-10  0.221346940842586E-10
     chi_1_2=  0.110000000000000E+01  -.456214808969932E-02  0.127319368776233E-01
     chi_2_2=  0.110000000000000E+01  0.576989764751027E-01  0.135414236021776E-03
     chi_3_2=  0.110000000000000E+01  -.579544264356616E-10  0.227295962618198E-10
     chi_1_2=  0.120000000000000E+01  -.458031756221064E-02  0.136446058556367E-01
     chi_2_2=  0.120000000000000E+01  0.577270740078540E-01  0.146883165266937E-03
     chi_3_2=  0.120000000000000E+01  -.570009848527351E-10  0.233283615905722E-10
     chi_1_2=  0.130000000000000E+01  -.459942959076693E-02  0.145609807976971E-01
     chi_2_2=  0.130000000000000E+01  0.577574653489781E-01  0.158432887763975E-03
     chi_3_2=  0.130000000000000E+01  -.560472874409459E-10  0.239311264704153E-10
     chi_1_2=  0.140000000000000E+01  -.461949767533102E-02  0.154812503711059E-01
     chi_2_2=  0.140000000000000E+01  0.577901669837722E-01  0.170068226471987E-03
     chi_3_2=  0.140000000000000E+01  -.550931514928428E-10  0.245380299476072E-10
     chi_1_2=  0.150000000000000E+01  -.464053603325321E-02  0.164056059805315E-01
     chi_2_2=  0.150000000000000E+01  0.578251963622447E-01  0.181794099265693E-03
     chi_3_2=  0.150000000000000E+01  -.541383930727122E-10  0.251492138276105E-10
     chi_1_2=  0.160000000000000E+01  -.466255962020082E-02  0.173342419115333E-01
     chi_2_2=  0.160000000000000E+01  0.578625719183395E-01  0.193615524578065E-03
     chi_3_2=  0.160000000000000E+01  -.531828268949035E-10  0.257648227919671E-10
     chi_1_2=  0.170000000000000E+01  -.468558415232534E-02  0.182673554782926E-01
     chi_2_2=  0.170000000000000E+01  0.579023130902615E-01  0.205537627246115E-03
     chi_3_2=  0.170000000000000E+01  -.522262661998204E-10  0.263850045194014E-10
     chi_1_2=  0.180000000000000E+01  -.470962612972795E-02  0.192051471758180E-01
     chi_2_2=  0.180000000000000E+01  0.579444403420005E-01  0.217565644573435E-03
     chi_3_2=  0.180000000000000E+01  -.512685226274347E-10  0.270099098113844E-10
     chi_1_2=  0.190000000000000E+01  -.473470286128112E-02  0.201478208368634E-01
     chi_2_2=  0.190000000000000E+01  0.579889751860438E-01  0.229704932623229E-03
     chi_3_2=  0.190000000000000E+01  -.503094060880964E-10  0.276396927223807E-10
     chi_1_2=  0.200000000000000E+01  -.476083249087325E-02  0.210955837938419E-01
     chi_2_2=  0.200000000000000E+01  0.580359402073497E-01  0.241960972756946E-03
     chi_3_2=  0.200000000000000E+01  -.493487246304556E-10  0.282745106950395E-10
     chi_1_2=  0.210000000000000E+01  -.478803402514579E-02  0.220486470460189E-01
     chi_2_2=  0.210000000000000E+01  0.580853590886427E-01  0.254339378433704E-03
     chi_3_2=  0.210000000000000E+01  -.483862843063081E-10  0.289145247005779E-10
     chi_1_2=  0.220000000000000E+01  -.481632736279645E-02  0.230072254322721E-01
     chi_2_2=  0.220000000000000E+01  0.581372566370492E-01  0.266845902287350E-03
     chi_3_2=  0.220000000000000E+01  -.474218890321295E-10  0.295598993846343E-10
     chi_1_2=  0.230000000000000E+01  -.484573332552834E-02  0.239715378097431E-01
     chi_2_2=  0.230000000000000E+01  0.581916588121518E-01  0.279486443498376E-03
     chi_3_2=  0.230000000000000E+01  -.464553404470812E-10  0.302108032188759E-10
     chi_1_2=  0.240000000000000E+01  -.487627369073096E-02  0.249418072387048E-01
     chi_2_2=  0.240000000000000E+01  0.582485927555273E-01  0.292267055479245E-03
     chi_3_2=  0.240000000000000E+01  -.454864377672776E-10  0.308674086586859E-10
     chi_1_2=  0.250000000000000E+01  -.490797122598011E-02  0.259182611739809E-01
     chi_2_2=  0.250000000000000E+01  0.583080868218098E-01  0.305193953892641E-03
     chi_3_2=  0.250000000000000E+01  -.445149776360559E-10  0.315298923072194E-10
     chi_1_2=  0.260000000000000E+01  -.494084972545799E-02  0.269011316633002E-01
     chi_2_2=  0.260000000000000E+01  0.583701706113652E-01  0.318273525023526E-03
     chi_3_2=  0.260000000000000E+01  -.435407539699957E-10  0.321984350862008E-10
     chi_1_2=  0.270000000000000E+01  -.497493404839105E-02  0.278906555529403E-01
     chi_2_2=  0.270000000000000E+01  0.584348750046267E-01  0.331512334526530E-03
     chi_3_2=  0.270000000000000E+01  -.425635578004386E-10  0.328732224137974E-10
     chi_1_2=  0.280000000000000E+01  -.501025015962142E-02  0.288870747010961E-01
     chi_2_2=  0.280000000000000E+01  0.585022321981941E-01  0.344917136572923E-03
     chi_3_2=  0.280000000000000E+01  -.415831771102343E-10  0.335544443899737E-10
     chi_1_2=  0.290000000000000E+01  -.504682517242520E-02  0.298906361993725E-01
     chi_2_2=  0.290000000000000E+01  0.585722757427534E-01  0.358494883421022E-03
     chi_3_2=  0.290000000000000E+01  -.405993966654120E-10  0.342422959897144E-10
     chi_1_2=  0.300000000000000E+01  -.508468739370415E-02  0.309015926028528E-01
     chi_2_2=  0.300000000000000E+01  0.586450405829070E-01  0.372252735437181E-03
     chi_3_2=  0.300000000000000E+01  -.396119978414845E-10  0.349369772645396E-10
     chi_1_2=  0.310000000000000E+01  -.512386637168658E-02  0.319202021692320E-01
     chi_2_2=  0.310000000000000E+01  0.587205630990091E-01  0.386198071594896E-03
     chi_3_2=  0.310000000000000E+01  -.386207584440755E-10  0.356386935527844E-10
     chi_1_2=  0.320000000000000E+01  -.516439294627928E-02  0.329467291075003E-01
     chi_2_2=  0.320000000000000E+01  0.587988811511066E-01  0.400338500482777E-03
     chi_3_2=  0.320000000000000E+01  -.376254525235318E-10  0.363476556991069E-10
     chi_1_2=  0.330000000000000E+01  -.520629930222408E-02  0.339814438367018E-01
     chi_2_2=  0.330000000000000E+01  0.588800341250687E-01  0.414681871852051E-03
     chi_3_2=  0.330000000000000E+01  -.366258501831652E-10  0.370640802837369E-10
     chi_1_2=  0.340000000000000E+01  -.524961902522326E-02  0.350246232553423E-01
     chi_2_2=  0.340000000000000E+01  0.589640629810269E-01  0.429236288738825E-03
     chi_3_2=  0.340000000000000E+01  -.356217173807687E-10  0.377881898620046E-10
     chi_1_2=  0.350000000000000E+01  -.529438716121006E-02  0.360765510220270E-01
     chi_2_2=  0.350000000000000E+01  0.590510103042438E-01  0.444010120196840E-03
     chi_3_2=  0.350000000000000E+01  -.346128157230197E-10  0.385202132147362E-10
     chi_1_2=  0.360000000000000E+01  -.534064027894926E-02  0.371375178479467E-01
     chi_2_2=  0.360000000000000E+01  0.591409203585161E-01  0.459012014679019E-03
     chi_3_2=  0.360000000000000E+01  -.335989022523576E-10  0.392603856100968E-10
     chi_1_2=  0.370000000000000E+01  -.538841653617312E-02  0.382078218018989E-01
     chi_2_2=  0.370000000000000E+01  0.592338391422527E-01  0.474250914110193E-03
     chi_3_2=  0.370000000000000E+01  -.325797292259055E-10  0.400089490775623E-10
     chi_1_2=  0.380000000000000E+01  -.543775574946422E-02  0.392877686285207E-01
     chi_2_2=  0.380000000000000E+01  0.593298144473705E-01  0.489736068694355E-03
     chi_3_2=  0.380000000000000E+01  -.315550438859974E-10  0.407661526946837E-10
     chi_1_2=  0.390000000000000E+01  -.548869946811833E-02  0.403776720804965E-01
     chi_2_2=  0.390000000000000E+01  0.594288959211361E-01  0.505477052504420E-03
     chi_3_2=  0.390000000000000E+01  -.305245882218219E-10  0.415322528873852E-10
     chi_1_2=  0.400000000000000E+01  -.554129105223265E-02  0.414778542655231E-01
     chi_2_2=  0.400000000000000E+01  0.595311351311289E-01  0.521483779904347E-03
     chi_3_2=  0.400000000000000E+01  -.294880987216777E-10  0.423075137445801E-10
     chi_1_2=  0.410000000000000E+01  -.559557575528762E-02  0.425886460088786E-01
     chi_2_2=  0.410000000000000E+01  0.596365856334750E-01  0.537766522858817E-03
     chi_3_2=  0.410000000000000E+01  -.284453061153115E-10  0.430922073479239E-10
     chi_1_2=  0.420000000000000E+01  -.565160081150286E-02  0.437103872324786E-01
     chi_2_2=  0.420000000000000E+01  0.597453030445364E-01  0.554335929187679E-03
     chi_3_2=  0.420000000000000E+01  -.273959351057775E-10  0.438866141176016E-10
     chi_1_2=  0.430000000000000E+01  -.570941552827757E-02  0.448434273513808E-01
     chi_2_2=  0.430000000000000E+01  0.598573451162520E-01  0.571203041828247E-03
     chi_3_2=  0.430000000000000E+01  -.263397040902263E-10  0.446910231750823E-10
     chi_1_2=  0.440000000000000E+01  -.576907138403898E-02  0.459881256887332E-01
     chi_2_2=  0.440000000000000E+01  0.599727718153006E-01  0.588379319171595E-03
     chi_3_2=  0.440000000000000E+01  -.252763248689613E-10  0.455057327238494E-10
     chi_1_2=  0.450000000000000E+01  -.583062213185486E-02  0.471448519102541E-01
     chi_2_2=  0.450000000000000E+01  0.600916454063421E-01  0.605876656545264E-03
     chi_3_2=  0.450000000000000E+01  -.242055023421446E-10  0.463310504491927E-10
     chi_1_2=  0.460000000000000E+01  -.589412390918841E-02  0.483139864793755E-01
     chi_2_2=  0.460000000000000E+01  0.602140305395281E-01  0.623707408918962E-03
     chi_3_2=  0.460000000000000E+01  -.231269341934003E-10  0.471672939381844E-10
     chi_1_2=  0.470000000000000E+01  -.595963535420203E-02  0.494959211342772E-01
     chi_2_2=  0.470000000000000E+01  0.603399943425406E-01  0.641884414916680E-03
     chi_3_2=  0.470000000000000E+01  -.220403105595745E-10  0.480147911210917E-10
     chi_1_2=  0.480000000000000E+01  -.602721772905023E-02  0.506910593880967E-01
     chi_2_2=  0.480000000000000E+01  0.604696065174132E-01  0.660421022223564E-03
     chi_3_2=  0.480000000000000E+01  -.209453136858700E-10  0.488738807355084E-10
     chi_1_2=  0.490000000000000E+01  -.609693505063561E-02  0.518998170537234E-01
     chi_2_2=  0.490000000000000E+01  0.606029394424213E-01  0.679331114484529E-03
     chi_3_2=  0.490000000000000E+01  -.198416175654771E-10  0.497449128146342E-10
     chi_1_2=  0.500000000000000E+01  -.616885422933559E-02  0.531226227946360E-01
     chi_2_2=  0.500000000000000E+01  0.607400682793259E-01  0.698629139797131E-03
     chi_3_2=  0.500000000000000E+01  -.187288875628383E-10  0.506282492011835E-10
     chi_1_2=  0.510000000000000E+01  -.624304521624849E-02  0.543599187033551E-01
     chi_2_2=  0.510000000000000E+01  0.608810710862763E-01  0.718330140910151E-03
     chi_3_2=  0.510000000000000E+01  -.176067800195387E-10  0.515242640885215E-10
     chi_1_2=  0.520000000000000E+01  -.631958115955492E-02  0.556121609092260E-01
     chi_2_2=  0.520000000000000E+01  0.610260289367502E-01  0.738449787248454E-03
     chi_3_2=  0.520000000000000E+01  -.164749418418662E-10  0.524333445907825E-10
     chi_1_2=  0.530000000000000E+01  -.639853857063150E-02  0.568798202173143E-01
     chi_2_2=  0.530000000000000E+01  0.611750260448442E-01  0.759004408893276E-03
     chi_3_2=  0.530000000000000E+01  -.153330100688951E-10  0.533558913437774E-10
     chi_1_2=  0.540000000000000E+01  -.647999750060826E-02  0.581633827803297E-01
     chi_2_2=  0.540000000000000E+01  0.613281498973192E-01  0.780011032657607E-03
     chi_3_2=  0.540000000000000E+01  -.141806114199733E-10  0.542923191386841E-10
     chi_1_2=  0.550000000000000E+01  -.656404172811829E-02  0.594633508056813E-01
     chi_2_2=  0.550000000000000E+01  0.614854913928366E-01  0.801487420408898E-03
     chi_3_2=  0.550000000000000E+01  -.130173618203868E-10  0.552430575906612E-10
     chi_1_2=  0.560000000000000E+01  -.665075895904641E-02  0.607802432998397E-01
     chi_2_2=  0.560000000000000E+01  0.616471449888039E-01  0.823452109801201E-03
     chi_3_2=  0.560000000000000E+01  -.118428659038697E-10  0.562085518446468E-10
     chi_1_2=  0.570000000000000E+01  -.674024103915015E-02  0.621145968523825E-01
     chi_2_2=  0.570000000000000E+01  0.618132088562961E-01  0.845924457594739E-03
     chi_3_2=  0.570000000000000E+01  -.106567164905654E-10  0.571892633207952E-10
     chi_1_2=  0.580000000000000E+01  -.683258418050433E-02  0.634669664622757E-01
     chi_2_2=  0.580000000000000E+01  0.619837850436048E-01  0.868924685753629E-03
     chi_3_2=  0.580000000000000E+01  -.945849403897302E-11  0.581856705022105E-10
     chi_1_2=  0.590000000000000E+01  -.692788920278948E-02  0.648379264091048E-01
     chi_2_2=  0.590000000000000E+01  0.621589796489172E-01  0.892473930530076E-03
     chi_3_2=  0.590000000000000E+01  -.824776607023549E-11  0.591982697678039E-10
     chi_1_2=  0.599999999999999E+01  -.702626179054452E-02  0.662280711721804E-01
     chi_2_2=  0.599999999999999E+01  0.623389030027423E-01  0.916594294759363E-03
     chi_3_2=  0.599999999999999E+01  -.702408656312004E-11  0.602275762733280E-10
     chi_1_2=  0.609999999999999E+01  -.712781276758509E-02  0.676380164006699E-01
     chi_2_2=  0.609999999999999E+01  0.625236698607095E-01  0.941308903610392E-03
     chi_3_2=  0.609999999999999E+01  -.578699531782967E-11  0.612741248839039E-10
     chi_1_2=  0.619999999999999E+01  -.723265838990656E-02  0.690683999381187E-01
     chi_2_2=  0.619999999999999E+01  0.627133996074085E-01  0.966641964056872E-03
     chi_3_2=  0.619999999999999E+01  -.453601728673392E-11  0.623384711615727E-10
     chi_1_2=  0.629999999999999E+01  -.734092065849265E-02  0.705198829050223E-01
     chi_2_2=  0.629999999999999E+01  0.629082164720259E-01  0.992618828357024E-03
     chi_3_2=  0.629999999999999E+01  -.327066186989773E-11  0.634211924117469E-10
     chi_1_2=  0.639999999999999E+01  -.745272765358654E-02  0.719931508433248E-01
     chi_2_2=  0.639999999999999E+01  0.631082497565404E-01  0.101926606185628E-02
     chi_3_2=  0.639999999999999E+01  -.199042217322514E-11  0.645228887926555E-10
     chi_1_2=  0.649999999999999E+01  -.756821389210999E-02  0.734889149270941E-01
     chi_2_2=  0.649999999999999E+01  0.633136340773382E-01  0.104661151545320E-02
     chi_3_2=  0.649999999999999E+01  -.694774226781424E-12  0.656441844923158E-10
     chi_1_2=  0.659999999999999E+01  -.768752071007607E-02  0.750079132438961E-01
     chi_2_2=  0.659999999999999E+01  0.635245096211789E-01  0.107468440310188E-02
     chi_3_2=  0.659999999999999E+01  0.616823839231953E-12  0.667857289778507E-10
     chi_1_2=  0.669999999999999E+01  -.781079667199610E-02  0.765509121517566E-01
     chi_2_2=  0.669999999999999E+01  0.637410224164495E-01  0.110351538475400E-02
     chi_3_2=  0.669999999999999E+01  0.194493266360341E-11  0.679481983223850E-10
     chi_1_2=  0.679999999999999E+01  -.793819800947917E-02  0.781187077170350E-01
     chi_2_2=  0.679999999999999E+01  0.639633246208351E-01  0.113313665518573E-02
     chi_3_2=  0.679999999999999E+01  0.329013257130437E-11  0.691322966152470E-10
     chi_1_2=  0.689999999999999E+01  -.806988909141352E-02  0.797121272389001E-01
     chi_2_2=  0.689999999999999E+01  0.641915748265313E-01  0.116358203919112E-02
     chi_3_2=  0.689999999999999E+01  0.465302454187224E-11  0.703387574616118E-10
     chi_1_2=  0.699999999999999E+01  -.820604292834385E-02  0.813320308665757E-01
     chi_2_2=  0.699999999999999E+01  0.644259383842130E-01  0.119488709367010E-02
     chi_3_2=  0.699999999999999E+01  0.603423123243139E-11  0.715683455782545E-10
     chi_1_2=  0.709999999999999E+01  -.834684171390920E-02  0.829793133160528E-01
     chi_2_2=  0.709999999999999E+01  0.646665877471518E-01  0.122708921718973E-02
     chi_3_2=  0.709999999999999E+01  0.743439805896794E-11  0.728218584927213E-10
     chi_1_2=  0.719999999999999E+01  -.849247740647803E-02  0.846549056935144E-01
     chi_2_2=  0.719999999999999E+01  0.649137028369355E-01  0.126022776765132E-02
     chi_3_2=  0.719999999999999E+01  0.885419433979543E-11  0.741001283537793E-10
     chi_1_2=  0.729999999999999E+01  -.864315235441124E-02  0.863597774332689E-01
     chi_2_2=  0.729999999999999E+01  0.651674714323303E-01  0.129434418875747E-02
     chi_3_2=  0.729999999999999E+01  0.102943145054537E-10  0.754040238617214E-10
     chi_1_2=  0.739999999999999E+01  -.879907996872888E-02  0.880949383587527E-01
     chi_2_2=  0.739999999999999E+01  0.654280895830569E-01  0.132948214603986E-02
     chi_3_2=  0.739999999999999E+01  0.117554793795908E-10  0.767344523279379E-10
     chi_1_2=  0.749999999999999E+01  -.896048544731437E-02  0.898614408757560E-01
     chi_2_2=  0.749999999999999E+01  0.656957620502861E-01  0.136568767328332E-02
     chi_3_2=  0.749999999999999E+01  0.132384375356993E-10  0.780923618738381E-10
     chi_1_2=  0.759999999999999E+01  -.912760655521484E-02  0.916603823079521E-01
     chi_2_2=  0.759999999999999E+01  0.659707027759213E-01  0.140300933026616E-02
     chi_3_2=  0.759999999999999E+01  0.147439667350653E-10  0.794787437803383E-10
     chi_1_2=  0.769999999999999E+01  -.930069446604088E-02  0.934929073855933E-01
     chi_2_2=  0.769999999999999E+01  0.662531353828405E-01  0.144149837282695E-02
     chi_3_2=  0.769999999999999E+01  0.162728754515649E-10  0.808946349999860E-10
     chi_1_2=  0.779999999999999E+01  -.948001466998272E-02  0.953602108992143E-01
     chi_2_2=  0.779999999999999E+01  0.665432937084757E-01  0.148120893637158E-02
     chi_3_2=  0.779999999999999E+01  0.178260044895169E-10  0.823411208449763E-10
     chi_1_2=  0.789999999999999E+01  -.966584795452895E-02  0.972635405312623E-01
     chi_2_2=  0.789999999999999E+01  0.668414223743758E-01  0.152219823404871E-02
     chi_3_2=  0.789999999999999E+01  0.194042287012021E-10  0.838193378655957E-10
     chi_1_2=  0.799999999999999E+01  -.985849146460092E-02  0.992041998797278E-01
     chi_2_2=  0.799999999999999E+01  0.671477773945500E-01  0.156452677094984E-02
     chi_3_2=  0.799999999999999E+01  0.210084588112982E-10  0.853304769349540E-10
     chi_1_2=  0.809999999999999E+01  -.100582598495188E-01  0.101183551689066E+00
     chi_2_2=  0.809999999999999E+01  0.674626268256940E-01  0.160825857582959E-02
     chi_3_2=  0.809999999999999E+01  0.226396433559141E-10  0.868757865573567E-10
     chi_1_2=  0.819999999999999E+01  -.102654865050157E-01  0.103203021305228E+00
     chi_2_2=  0.819999999999999E+01  0.677862514627017E-01  0.165346145200679E-02
     chi_3_2=  0.819999999999999E+01  0.242987707447238E-10  0.884565764195053E-10
     chi_1_2=  0.829999999999999E+01  -.104805249193845E-01  0.105264100373074E+00
     chi_2_2=  0.829999999999999E+01  0.681189455831418E-01  0.170020724927754E-02
     chi_3_2=  0.829999999999999E+01  0.259868714552604E-10  0.900742212054062E-10
     chi_1_2=  0.839999999999999E+01  -.107037501338351E-01  0.107368350796166E+00
     chi_2_2=  0.839999999999999E+01  0.684610177447209E-01  0.174857215887723E-02
     chi_3_2=  0.839999999999999E+01  0.277050203692200E-10  0.917301646980680E-10
     chi_1_2=  0.849999999999999E+01  -.109355603282610E-01  0.109517408980948E+00
     chi_2_2=  0.849999999999999E+01  0.688127916401992E-01  0.179863703375023E-02
     chi_3_2=  0.849999999999999E+01  0.294543392615096E-10  0.934259241933790E-10
     chi_1_2=  0.859999999999999E+01  -.111763785448403E-01  0.111712990389288E+00
     chi_2_2=  0.859999999999999E+01  0.691746070145800E-01  0.185048773663635E-02
     chi_3_2=  0.859999999999999E+01  0.312359994536110E-10  0.951630952541054E-10
     chi_1_2=  0.869999999999999E+01  -.114266545633178E-01  0.113956894425777E+00
     chi_2_2=  0.869999999999999E+01  0.695468206499107E-01  0.190421551876854E-02
     chi_3_2=  0.869999999999999E+01  0.330512246438269E-10  0.969433568348448E-10
     chi_1_2=  0.879999999999998E+01  -.116868669433871E-01  0.116251009688782E+00
     chi_2_2=  0.879999999999998E+01  0.699298074235325E-01  0.195991743229439E-02
     chi_3_2=  0.879999999999998E+01  0.349012939281213E-10  0.987684768120215E-10
     chi_1_2=  0.889999999999998E+01  -.119575252513745E-01  0.118597319617078E+00
     chi_2_2=  0.889999999999998E+01  0.703239614462072E-01  0.201769677989367E-02
     chi_3_2=  0.889999999999998E+01  0.367875450263731E-10  0.100640317956580E-09
     chi_1_2=  0.899999999999998E+01  -.122391724904521E-01  0.120997908567175E+00
     chi_2_2=  0.899999999999998E+01  0.707296972872371E-01  0.207766360547311E-02
     chi_3_2=  0.899999999999998E+01  0.387113777301637E-10  0.102560844391124E-09
     chi_1_2=  0.909999999999998E+01  -.125323877558695E-01  0.123454968359912E+00
     chi_2_2=  0.909999999999998E+01  0.711474512943054E-01  0.213993523027538E-02
     chi_3_2=  0.909999999999998E+01  0.406742575896825E-10  0.104532128577632E-09
     chi_1_2=  0.919999999999998E+01  -.128377891393067E-01  0.125970805339040E+00
     chi_2_2=  0.919999999999998E+01  0.715776830167038E-01  0.220463683926844E-02
     chi_3_2=  0.919999999999998E+01  0.426777198588598E-10  0.106556358887227E-09
     chi_1_2=  0.929999999999998E+01  -.131560369093568E-01  0.128547847988843E+00
     chi_2_2=  0.929999999999998E+01  0.720208767414353E-01  0.227190212326631E-02
     chi_3_2=  0.929999999999998E+01  0.447233737194861E-10  0.108635847808916E-09
     chi_1_2=  0.939999999999998E+01  -.134878369985108E-01  0.131188655162870E+00
     chi_2_2=  0.939999999999998E+01  0.724775431527026E-01  0.234187398291189E-02
     chi_3_2=  0.939999999999998E+01  0.468129068070020E-10  0.110773040860872E-09
     chi_1_2=  0.949999999999998E+01  -.138339448307924E-01  0.133895924981429E+00
     chi_2_2=  0.949999999999998E+01  0.729482211263839E-01  0.241470530141386E-02
     chi_3_2=  0.949999999999998E+01  0.489480900626442E-10  0.112970526274934E-09
     chi_1_2=  0.959999999999998E+01  -.141951695285579E-01  0.136672504461847E+00
     chi_2_2=  0.959999999999998E+01  0.734334796724848E-01  0.249055979381362E-02
     chi_3_2=  0.959999999999998E+01  0.511307829388575E-10  0.115231045533448E-09
     chi_1_2=  0.969999999999998E+01  -.145723785418922E-01  0.139521399952264E+00
     chi_2_2=  0.969999999999998E+01  0.739339200397642E-01  0.256961294154723E-02
     chi_3_2=  0.969999999999998E+01  0.533629389873165E-10  0.117557504846555E-09
     chi_1_2=  0.979999999999998E+01  -.149665027497477E-01  0.142445788448012E+00
     chi_2_2=  0.979999999999998E+01  0.744501779985763E-01  0.265205302222239E-02
     chi_3_2=  0.979999999999998E+01  0.556466118615916E-10  0.119952987668913E-09
     chi_1_2=  0.989999999999998E+01  -.153785420884441E-01  0.145449029878143E+00
     chi_2_2=  0.989999999999998E+01  0.749829263195203E-01  0.273808224583721E-02
     chi_3_2=  0.989999999999998E+01  0.579839617693925E-10  0.122420768366533E-09
     chi_1_2=  0.999999999999998E+01  -.158095717706443E-01  0.148534680460006E+00
     chi_2_2=  0.999999999999998E+01  0.755328774677277E-01  0.282791801018165E-02
     chi_3_2=  0.999999999999998E+01  0.603772624125121E-10  0.124964327158252E-09
     chi_1_2=  0.101000000000000E+02  -.162607491665168E-01  0.151706507230888E+00
     chi_2_2=  0.101000000000000E+02  0.761007865347406E-01  0.292179428989258E-02
     chi_3_2=  0.101000000000000E+02  0.628289084560987E-10  0.127587366471725E-09
     chi_1_2=  0.102000000000000E+02  -.167333214287299E-01  0.154968503878670E+00
     chi_2_2=  0.102000000000000E+02  0.766874544326227E-01  0.301996317564654E-02
     chi_3_2=  0.102000000000000E+02  0.653414235726621E-10  0.130293828871609E-09
     chi_1_2=  0.103000000000000E+02  -.172286339543987E-01  0.158324908007962E+00
     chi_2_2=  0.103000000000000E+02  0.772937313778382E-01  0.312269658228269E-02
     chi_3_2=  0.103000000000000E+02  0.679174691103768E-10  0.133087916737951E-09
     chi_1_2=  0.104000000000000E+02  -.177481397903877E-01  0.161780219994531E+00
     chi_2_2=  0.104000000000000E+02  0.779205206957465E-01  0.323028814733530E-02
     chi_3_2=  0.104000000000000E+02  0.705598534397632E-10  0.135974113895883E-09
     chi_1_2=  0.105000000000000E+02  -.182934101038151E-01  0.165339223599720E+00
     chi_2_2=  0.105000000000000E+02  0.785687829803491E-01  0.334305534456813E-02
     chi_3_2=  0.105000000000000E+02  0.732715420376490E-10  0.138957209424525E-09
     chi_1_2=  0.106000000000000E+02  -.188661458575431E-01  0.169007008537723E+00
     chi_2_2=  0.106000000000000E+02  0.792395406482738E-01  0.346134184072718E-02
     chi_3_2=  0.106000000000000E+02  0.760556683727032E-10  0.142042323903651E-09
     chi_1_2=  0.107000000000000E+02  -.194681908513561E-01  0.172788995212881E+00
     chi_2_2=  0.107000000000000E+02  0.799338829307282E-01  0.358552012794688E-02
     chi_3_2=  0.107000000000000E+02  0.789155456623729E-10  0.145234938392026E-09
     chi_1_2=  0.108000000000000E+02  -.201015463140207E-01  0.176690961872029E+00
     chi_2_2=  0.108000000000000E+02  0.806529713529980E-01  0.371599446919207E-02
     chi_3_2=  0.108000000000000E+02  0.818546795773210E-10  0.148540926472336E-09
     chi_1_2=  0.109000000000000E+02  -.207683872600268E-01  0.180719074448475E+00
     chi_2_2=  0.109000000000000E+02  0.813980457572341E-01  0.385320419988903E-02
     chi_3_2=  0.109000000000000E+02  0.848767819757774E-10  0.151966589744897E-09
     chi_1_2=  0.110000000000000E+02  -.214710808584792E-01  0.184879919410609E+00
     chi_2_2=  0.110000000000000E+02  0.821704309317176E-01  0.399762743569639E-02
     chi_3_2=  0.110000000000000E+02  0.879857857571622E-10  0.155518697207286E-09
     chi_1_2=  0.111000000000000E+02  -.222122071012393E-01  0.189180539969981E+00
     chi_2_2=  0.111000000000000E+02  0.829715439182665E-01  0.414978524436407E-02
     chi_3_2=  0.111000000000000E+02  0.911858609314693E-10  0.159204529021141E-09
     chi_1_2=  0.112000000000000E+02  -.229945821041557E-01  0.193628476051630E+00
     chi_2_2=  0.112000000000000E+02  0.838029020790263E-01  0.431024634906796E-02
     chi_3_2=  0.112000000000000E+02  0.944814320082808E-10  0.163031925241822E-09
     chi_1_2=  0.113000000000000E+02  -.238212844305989E-01  0.198231808484617E+00
     chi_2_2=  0.113000000000000E+02  0.846661320151211E-01  0.447963244177713E-02
     chi_3_2=  0.113000000000000E+02  0.978771968165449E-10  0.167009340173873E-09
     chi_1_2=  0.114000000000000E+02  -.246956848922396E-01  0.202999207935004E+00
     chi_2_2=  0.114000000000000E+02  0.855629794425674E-01  0.465862419848225E-02
     chi_3_2=  0.114000000000000E+02  0.101378146873781E-09  0.171145903117542E-09
     chi_1_2=  0.115000000000000E+02  -.256214803602026E-01  0.207939989176752E+00
     chi_2_2=  0.115000000000000E+02  0.864953201456134E-01  0.484796810389734E-02
     chi_3_2=  0.115000000000000E+02  0.104989589429847E-09  0.175451486391511E-09
     chi_1_2=  0.116000000000000E+02  -.266027322132099E-01  0.213064171382270E+00
     chi_2_2=  0.116000000000000E+02  0.874651721451619E-01  0.504848421210939E-02
     chi_3_2=  0.116000000000000E+02  0.108717171316492E-09  0.179936781658884E-09
     chi_1_2=  0.117000000000000E+02  -.276439101611349E-01  0.218382545213104E+00
     chi_2_2=  0.117000000000000E+02  0.884747092397699E-01  0.526107499222766E-02
     chi_3_2=  0.117000000000000E+02  0.112566904738132E-09  0.184613385750319E-09
     chi_1_2=  0.118000000000000E+02  -.287499423168793E-01  0.223906747607214E+00
     chi_2_2=  0.118000000000000E+02  0.895262761001728E-01  0.548673543522059E-02
     chi_3_2=  0.118000000000000E+02  0.116545195141240E-09  0.189493897376849E-09
     chi_1_2=  0.119000000000000E+02  -.299262725515324E-01  0.229649345293651E+00
     chi_2_2=  0.119000000000000E+02  0.906224051254346E-01  0.572656463084586E-02
     chi_3_2=  0.119000000000000E+02  0.120658871298037E-09  0.194592026360199E-09
     chi_1_2=  0.120000000000000E+02  -.311789263638202E-01  0.235623928222723E+00
     chi_2_2=  0.120000000000000E+02  0.917658353004754E-01  0.598177906314147E-02
     chi_3_2=  0.120000000000000E+02  0.124915217733313E-09  0.199922717289509E-09
     chi_1_2=  0.121000000000000E+02  -.325145867328426E-01  0.241845214283481E+00
     chi_2_2=  0.121000000000000E+02  0.929595333319161E-01  0.625372792099378E-02
     chi_3_2=  0.121000000000000E+02  0.129322009608835E-09  0.205502289849183E-09
     chi_1_2=  0.122000000000000E+02  -.339406817130926E-01  0.248329166895747E+00
     chi_2_2=  0.122000000000000E+02  0.942067173826059E-01  0.654391077882035E-02
     chi_3_2=  0.122000000000000E+02  0.133887550154980E-09  0.211348598465968E-09
     chi_1_2=  0.123000000000000E+02  -.354654858853257E-01  0.255093127316316E+00
     chi_2_2=  0.123000000000000E+02  0.955108837761357E-01  0.685399807398400E-02
     chi_3_2=  0.123000000000000E+02  0.138620710699550E-09  0.217481214408222E-09
     chi_1_2=  0.124000000000000E+02  -.370982382123587E-01  0.262155963796122E+00
     chi_2_2=  0.124000000000000E+02  0.968758371026441E-01  0.718585489545617E-02
     chi_3_2=  0.124000000000000E+02  0.143530973284074E-09  0.223921634057111E-09
     chi_1_2=  0.125000000000000E+02  -.388492793856429E-01  0.269538240074264E+00
     chi_2_2=  0.125000000000000E+02  0.983057242276969E-01  0.754156870659049E-02
     chi_3_2=  0.125000000000000E+02  0.148628475769425E-09  0.230693517779995E-09
     chi_1_2=  0.126000000000000E+02  -.407302124131426E-01  0.277262406106847E+00
     chi_2_2=  0.126000000000000E+02  0.998050727891571E-01  0.792348175903371E-02
     chi_3_2=  0.126000000000000E+02  0.153924059206127E-09  0.237822964701523E-09
     chi_1_2=  0.127000000000000E+02  -.427540910254282E-01  0.285353014413444E+00
     chi_2_2=  0.127000000000000E+02  0.101378834864855E+00  0.833422912159749E-02
     chi_3_2=  0.127000000000000E+02  0.159429317063662E-09  0.245338829724092E-09
     chi_1_2=  0.128000000000000E+02  -.449356415093483E-01  0.293836965997320E+00
     chi_2_2=  0.128000000000000E+02  0.103032436609576E+00  0.877678345631385E-02
     chi_3_2=  0.128000000000000E+02  0.165156645659465E-09  0.253273090445440E-09
     chi_1_2=  0.129000000000000E+02  -.472915248743709E-01  0.302743790471166E+00
     chi_2_2=  0.129000000000000E+02  0.104771834796293E+00  0.925450793543263E-02
     chi_3_2=  0.129000000000000E+02  0.171119294772035E-09  0.261661273215870E-09
     chi_1_2=  0.130000000000000E+02  -.498406478907745E-01  0.312105965816854E+00
     chi_2_2=  0.130000000000000E+02  0.106603581357300E+00  0.977121902294649E-02
     chi_3_2=  0.130000000000000E+02  0.177331416926600E-09  0.270542949549232E-09
     chi_1_2=  0.131000000000000E+02  -.526045336106483E-01  0.321959284146508E+00
     chi_2_2=  0.131000000000000E+02  0.108534897210524E+00  0.103312612624143E-01
     chi_3_2=  0.131000000000000E+02  0.183808113151307E-09  0.279962316550051E-09
     chi_1_2=  0.132000000000000E+02  -.556077646225906E-01  0.332343270934151E+00
     chi_2_2=  0.132000000000000E+02  0.110573756878580E+00  0.109395967457100E-01
     chi_3_2=  0.132000000000000E+02  0.190565472041769E-09  0.289968878070504E-09
     chi_1_2=  0.133000000000000E+02  -.588785156739117E-01  0.343301666475751E+00
     chi_2_2=  0.133000000000000E+02  0.112728985668347E+00  0.116019126201339E-01
     chi_3_2=  0.133000000000000E+02  0.197620597635987E-09  0.300618247132718E-09
     chi_1_2=  0.134000000000000E+02  -.624491966536905E-01  0.354882979832811E+00
     chi_2_2=  0.134000000000000E+02  0.115010371480965E+00  0.123247508713003E-01
     chi_3_2=  0.134000000000000E+02  0.204991619740061E-09  0.311973094958574E-09
     chi_1_2=  0.135000000000000E+02  -.663572325813821E-01  0.367141127236093E+00
     chi_2_2=  0.135000000000000E+02  0.117428793669703E+00  0.131156657598875E-01
     chi_3_2=  0.135000000000000E+02  0.212697677744732E-09  0.324104278022555E-09
     chi_1_2=  0.136000000000000E+02  -.706460146166516E-01  0.380136168875684E+00
     chi_2_2=  0.136000000000000E+02  0.119996371756607E+00  0.139834157781396E-01
     chi_3_2=  0.136000000000000E+02  0.220758865328039E-09  0.337092182251115E-09
     chi_1_2=  0.137000000000000E+02  -.753660657808997E-01  0.393935160159058E+00
     chi_2_2=  0.137000000000000E+02  0.122726637253956E+00  0.149381989448228E-01
     chi_3_2=  0.137000000000000E+02  0.229196118310179E-09  0.351028333318661E-09
     chi_1_2=  0.138000000000000E+02  -.805764778634029E-01  0.408613135811869E+00
     chi_2_2=  0.138000000000000E+02  0.125634732299302E+00  0.159919428373955E-01
     chi_3_2=  0.138000000000000E+02  0.238031020676302E-09  0.366017334573318E-09
     chi_1_2=  0.139000000000000E+02  -.863466929872329E-01  0.424254247471152E+00
     chi_2_2=  0.139000000000000E+02  0.128737639272247E+00  0.171586641919850E-01
     chi_3_2=  0.139000000000000E+02  0.247285493475134E-09  0.382179210303920E-09
     chi_1_2=  0.140000000000000E+02  -.927587260827644E-01  0.440953077376858E+00
     chi_2_2=  0.140000000000000E+02  0.132054445955710E+00  0.184549174982917E-01
     chi_3_2=  0.140000000000000E+02  0.256981316563412E-09  0.399652252943227E-09
     chi_1_2=  0.141000000000000E+02  -.999099552358678E-01  0.458816151847726E+00
     chi_2_2=  0.141000000000000E+02  0.135606651022688E+00  0.199003582170792E-01
     chi_3_2=  0.141000000000000E+02  0.267139411951826E-09  0.418596499849225E-09
     chi_1_2=  0.142000000000000E+02  -.107916648615736E+00  0.477963677434908E+00
     chi_2_2=  0.142000000000000E+02  0.139418514469346E+00  0.215184546724696E-01
     chi_3_2=  0.142000000000000E+02  0.277778786751716E-09  0.439198000426432E-09
     chi_1_2=  0.143000000000000E+02  -.116918453810297E+00  0.498531518238096E+00
     chi_2_2=  0.143000000000000E+02  0.143517456725604E+00  0.233373942012707E-01
     chi_3_2=  0.143000000000000E+02  0.288914988786525E-09  0.461674080019214E-09
     chi_1_2=  0.144000000000000E+02  -.127084154141199E+00  0.520673421815556E+00
     chi_2_2=  0.144000000000000E+02  0.147934507943022E+00  0.253912450356053E-01
     chi_3_2=  0.144000000000000E+02  0.300557861732765E-09  0.486279866379491E-09
     chi_1_2=  0.145000000000000E+02  -.138619105842962E+00  0.544563478186307E+00
     chi_2_2=  0.145000000000000E+02  0.152704804331269E+00  0.277214574593346E-01
     chi_3_2=  0.145000000000000E+02  0.312708288268618E-09  0.513316421460314E-09
     chi_1_2=  0.146000000000000E+02  -.151774922738825E+00  0.570398752564533E+00
     chi_2_2=  0.146000000000000E+02  0.157868119561467E+00  0.303788186101316E-01
     chi_3_2=  0.146000000000000E+02  0.325353462126187E-09  0.543140920298814E-09
     chi_1_2=  0.147000000000000E+02  -.166862189728013E+00  0.598401951997384E+00
     chi_2_2=  0.147000000000000E+02  0.163469403012820E+00  0.334260186315682E-01
     chi_3_2=  0.147000000000000E+02  0.338460006421620E-09  0.576179444342216E-09
     chi_1_2=  0.148000000000000E+02  -.184267289480107E+00  0.628823841676944E+00
     chi_2_2=  0.148000000000000E+02  0.169559267492276E+00  0.369410470549095E-01
     chi_3_2=  0.148000000000000E+02  0.351963913741831E-09  0.612943111680124E-09
     chi_1_2=  0.149000000000000E+02  -.204474855584889E+00  0.661944870441497E+00
     chi_2_2=  0.149000000000000E+02  0.176194317333069E+00  0.410217248520058E-01
     chi_3_2=  0.149000000000000E+02  0.365755755283306E-09  0.654048448698239E-09
     chi_1_2=  0.150000000000000E+02  -.228097971402903E+00  0.698075012189101E+00
     chi_2_2=  0.150000000000000E+02  0.183437116384433E+00  0.457917999180765E-01
     chi_3_2=  0.150000000000000E+02  0.379658782432833E-09  0.700243099566393E-09
     chi_1_2=  0.151000000000000E+02  -.255919083739037E+00  0.737550029743721E+00
     chi_2_2=  0.151000000000000E+02  0.191355433891680E+00  0.514092052864006E-01
     chi_3_2=  0.151000000000000E+02  0.393396247460521E-09  0.752438120072714E-09
     chi_1_2=  0.152000000000000E+02  -.288945770436438E+00  0.780720949455486E+00
     chi_2_2=  0.152000000000000E+02  0.200020119997966E+00  0.580773155304929E-01
     chi_3_2=  0.152000000000000E+02  0.406542214064585E-09  0.811748080721165E-09
     chi_1_2=  0.153000000000000E+02  -.328487048365034E+00  0.827931010047070E+00
     chi_2_2=  0.153000000000000E+02  0.209500452987009E+00  0.660603491393078E-01
     chi_3_2=  0.153000000000000E+02  0.418446854398539E-09  0.879539707734065E-09
     chi_1_2=  0.154000000000000E+02  -.376257780857195E+00  0.879469835332180E+00
     chi_2_2=  0.154000000000000E+02  0.219854889281511E+00  0.757044426214084E-01
     chi_3_2=  0.154000000000000E+02  0.428122019802448E-09  0.957488138955067E-09
     chi_1_2=  0.155000000000000E+02  -.434520525863228E+00  0.935486492759394E+00
     chi_2_2=  0.155000000000000E+02  0.231113514756844E+00  0.874662818259485E-01
     chi_3_2=  0.155000000000000E+02  0.434064672137330E-09  0.104763556728519E-08
     chi_1_2=  0.156000000000000E+02  -.506274410905486E+00  0.995828655112380E+00
     chi_2_2=  0.156000000000000E+02  0.243245580356845E+00  0.101951225381225E+00
     chi_3_2=  0.156000000000000E+02  0.433983234252689E-09  0.115243684410317E-08
     chi_1_2=  0.157000000000000E+02  -.595495162243752E+00  0.105974965619438E+01
     chi_2_2=  0.157000000000000E+02  0.256100372789469E+00  0.119961753347834E+00
     chi_3_2=  0.157000000000000E+02  0.424374109083955E-09  0.127475362366812E-08
     chi_1_2=  0.158000000000000E+02  -.707408285259107E+00  0.112538215181363E+01
     chi_2_2=  0.158000000000000E+02  0.269300975702564E+00  0.142552607274977E+00
     chi_3_2=  0.158000000000000E+02  0.399874726816972E-09  0.141770865999215E-08
     chi_1_2=  0.159000000000000E+02  -.848711601609162E+00  0.118881062208456E+01
     chi_2_2=  0.159000000000000E+02  0.282057059041518E+00  0.171075708181610E+00
     chi_3_2=  0.159000000000000E+02  0.352310047533440E-09  0.158420770235252E-08
     chi_1_2=  0.160000000000000E+02  -.102749299479501E+01  0.124249638404136E+01
     chi_2_2=  0.160000000000000E+02  0.292846975942427E+00  0.207163553922939E+00
     chi_3_2=  0.160000000000000E+02  0.269405027763575E-09  0.177573414248646E-08
     chi_1_2=  0.161000000000000E+02  -.125219832995178E+01  0.127280568897488E+01
     chi_2_2=  0.161000000000000E+02  0.298918821887313E+00  0.252520899107628E+00
     chi_3_2=  0.161000000000000E+02  0.133414605083179E-09  0.198968508039434E-08
     chi_1_2=  0.162000000000000E+02  -.152826330481380E+01  0.125679482991150E+01
     chi_2_2=  0.162000000000000E+02  0.295641525175350E+00  0.308244911533623E+00
     chi_3_2=  0.162000000000000E+02  -.791981774843529E-10  0.221417432490121E-08
     chi_1_2=  0.163000000000000E+02  -.185018404617996E+01  0.116008035923807E+01
     chi_2_2=  0.163000000000000E+02  0.276074961295740E+00  0.373224662853155E+00
     chi_3_2=  0.163000000000000E+02  -.393869073781150E-09  0.241971693914158E-08
     chi_1_2=  0.164000000000000E+02  -.218790809444853E+01  0.941678909336147E+00
     chi_2_2=  0.164000000000000E+02  0.231946845832220E+00  0.441394218766749E+00
     chi_3_2=  0.164000000000000E+02  -.823986645638471E-09  0.255107965742950E-08
     chi_1_2=  0.165000000000000E+02  -.247487782918559E+01  0.575587990502092E+00
     chi_2_2=  0.165000000000000E+02  0.158008707563268E+00  0.499319265935281E+00
     chi_3_2=  0.165000000000000E+02  -.134382148807263E-08  0.253260873400327E-08
     chi_1_2=  0.166000000000000E+02  -.262122062822683E+01  0.879271008206150E-01
     chi_2_2=  0.166000000000000E+02  0.595326305428916E-01  0.528859477760537E+00
     chi_3_2=  0.166000000000000E+02  -.186627145172863E-08  0.230627491938046E-08
     chi_1_2=  0.167000000000000E+02  -.256815625512735E+01  -.428005555922189E+00
     chi_2_2=  0.167000000000000E+02  -.446496247715876E-01  0.518150365809436E+00
     chi_3_2=  0.167000000000000E+02  -.226919497284992E-08  0.188904917156632E-08
     chi_1_2=  0.168000000000000E+02  -.233804416947416E+01  -.860431402292067E+00
     chi_2_2=  0.168000000000000E+02  -.131976129445758E+00  0.471705072117844E+00
     chi_3_2=  0.168000000000000E+02  -.247312081068944E-08  0.138060486710710E-08
     chi_1_2=  0.169000000000000E+02  -.201422865714545E+01  -.114911000617218E+01
     chi_2_2=  0.169000000000000E+02  -.190287664145935E+00  0.406346212392292E+00
     chi_3_2=  0.169000000000000E+02  -.248659797901058E-08  0.895624018162408E-09
     chi_1_2=  0.170000000000000E+02  -.167881880156215E+01  -.129954775584313E+01
     chi_2_2=  0.170000000000000E+02  -.220695667185962E+00  0.338647083106640E+00
     chi_3_2=  0.170000000000000E+02  -.237350705220537E-08  0.500351923458791E-09
     chi_1_2=  0.171000000000000E+02  -.137880880341347E+01  -.134951644996832E+01
     chi_2_2=  0.171000000000000E+02  -.230824184071842E+00  0.278093222206682E+00
     chi_3_2=  0.171000000000000E+02  -.220001399543999E-08  0.207754213500133E-09
     chi_1_2=  0.172000000000000E+02  -.112959357550680E+01  -.133798762832799E+01
     chi_2_2=  0.172000000000000E+02  -.228539421876948E+00  0.227792013839820E+00
     chi_3_2=  0.172000000000000E+02  -.201053866750760E-08  0.291060337730575E-11
     chi_1_2=  0.173000000000000E+02  -.929652490599604E+00  -.129338256985156E+01
     chi_2_2=  0.173000000000000E+02  -.219578071747718E+00  0.187436527354956E+00
     chi_3_2=  0.173000000000000E+02  -.182828895394428E-08  -.135961034656335E-09
     chi_1_2=  0.174000000000000E+02  -.771347247648159E+00  -.123341273103352E+01
     chi_2_2=  0.174000000000000E+02  -.207515102212927E+00  0.155485011089842E+00
     chi_3_2=  0.174000000000000E+02  -.166290580689690E-08  -.228156164327943E-09
     chi_1_2=  0.175000000000000E+02  -.646188023536608E+00  -.116818724335793E+01
     chi_2_2=  0.175000000000000E+02  -.194390991559875E+00  0.130223838024321E+00
     chi_3_2=  0.175000000000000E+02  -.151691559544630E-08  -.288219789327810E-09
     chi_1_2=  0.176000000000000E+02  -.546759738590435E+00  -.110312104939652E+01
     chi_2_2=  0.176000000000000E+02  -.181298720153410E+00  0.110156312572240E+00
     chi_3_2=  0.176000000000000E+02  -.138960508740556E-08  -.326395005659896E-09
     chi_1_2=  0.177000000000000E+02  -.467145057196875E+00  -.104091985307370E+01
     chi_2_2=  0.177000000000000E+02  -.168784422441831E+00  0.940880510830077E-01
     chi_3_2=  0.177000000000000E+02  -.127902366419685E-08  -.349691738374154E-09
     chi_1_2=  0.178000000000000E+02  -.402799881968166E+00  -.982785052619520E+00
     chi_2_2=  0.178000000000000E+02  -.157090596478850E+00  0.811018509791845E-01
     chi_3_2=  0.178000000000000E+02  -.118292396324375E-08  -.362861544762086E-09
     chi_1_2=  0.179000000000000E+02  -.350287112039440E+00  -.929107586917327E+00
     chi_2_2=  0.179000000000000E+02  -.146296153242080E+00  0.705039512381686E-01
     chi_3_2=  0.179000000000000E+02  -.109916333575832E-08  -.369125304664278E-09
     chi_1_2=  0.180000000000000E+02  -.307015831937594E+00  -.879857235580645E+00
     chi_2_2=  0.180000000000000E+02  -.136394994852425E+00  0.617713890064915E-01
     chi_3_2=  0.180000000000000E+02  -.102584879312714E-08  -.370676795621815E-09
     chi_1_2=  0.181000000000000E+02  -.271027516651816E+00  -.834797727444119E+00
     chi_2_2=  0.181000000000000E+02  -.127339433117506E+00  0.545088461926316E-01
     chi_3_2=  0.181000000000000E+02  -.961366880060746E-09  -.369020532119639E-09
     chi_1_2=  0.182000000000000E+02  -.240832582888628E+00  -.793603975542439E+00
     chi_2_2=  0.182000000000000E+02  -.119063852809734E+00  0.484156581782708E-01
     chi_3_2=  0.182000000000000E+02  -.904366135706229E-09  -.365196020009831E-09
     chi_1_2=  0.183000000000000E+02  -.215289176099663E+00  -.755924738871555E+00
     chi_2_2=  0.183000000000000E+02  -.111497359621018E+00  0.432613476030958E-01
     chi_3_2=  0.183000000000000E+02  -.853723325089725E-09  -.359926565893512E-09
     chi_1_2=  0.184000000000000E+02  -.193514379615225E+00  -.721414984966446E+00
     chi_2_2=  0.184000000000000E+02  -.104570312383011E+00  0.388677023849446E-01
     chi_3_2=  0.184000000000000E+02  -.808507125986630E-09  -.353718526455517E-09
     chi_1_2=  0.185000000000000E+02  -.174819363584452E+00  -.689751520473630E+00
     chi_2_2=  0.185000000000000E+02  -.982174780181517E-01  0.350956858668385E-01
     chi_3_2=  0.185000000000000E+02  -.767944760073283E-09  -.346928028363187E-09
     chi_1_2=  0.186000000000000E+02  -.158661912687874E+00  -.660639477641428E+00
     chi_2_2=  0.186000000000000E+02  -.923793408046219E-01  0.318358547798484E-01
     chi_3_2=  0.186000000000000E+02  -.731393328767446E-09  -.339806237467885E-09
     chi_1_2=  0.187000000000000E+02  -.144611495706396E+00  -.633813905170947E+00
     chi_2_2=  0.187000000000000E+02  -.870024234817561E-01  0.290013087152010E-01
     chi_3_2=  0.187000000000000E+02  -.698316000980005E-09  -.332530375115694E-09
     chi_1_2=  0.188000000000000E+02  -.132323388270706E+00  -.609038840054565E+00
     chi_2_2=  0.188000000000000E+02  -.820390999056820E-01  0.265224669343244E-01
     chi_3_2=  0.188000000000000E+02  -.668262570974252E-09  -.325225177535781E-09
     chi_1_2=  0.189000000000000E+02  -.121519354874387E+00  -.586105183078085E+00
     chi_2_2=  0.189000000000000E+02  -.774471662305867E-01  0.243431691325120E-01
     chi_3_2=  0.189000000000000E+02  -.640853720143801E-09  -.317977884102312E-09
     chi_1_2=  0.190000000000000E+02  -.111973110608955E+00  -.564828104956117E+00
     chi_2_2=  0.190000000000000E+02  -.731893173507811E-01  0.224177409649264E-01
     chi_3_2=  0.190000000000000E+02  -.615768321931218E-09  -.310848800090326E-09
     chi_1_2=  0.191000000000000E+02  -.103499289969909E+00  -.545044372813556E+00
     chi_2_2=  0.191000000000000E+02  -.692326072649542E-01  0.207087674568211E-01
     chi_3_2=  0.191000000000000E+02  -.592733206004295E-09  -.303878803047037E-09
     chi_1_2=  0.192000000000000E+02  -.959450083389150E-01  -.526609796148306E+00
     chi_2_2=  0.192000000000000E+02  -.655479335571518E-01  0.191853897321250E-01
     chi_3_2=  0.192000000000000E+02  -.571514893016219E-09  -.297094718206757E-09
     chi_1_2=  0.193000000000000E+02  -.891833551496129E-01  -.509396884529423E+00
     chi_2_2=  0.193000000000000E+02  -.621095646154178E-01  0.178219916424343E-01
     chi_3_2=  0.193000000000000E+02  -.551912902494222E-09  -.290513194663212E-09
     chi_1_2=  0.194000000000000E+02  -.831083376141513E-01  -.493292750297512E+00
     chi_2_2=  0.194000000000000E+02  -.588947163028895E-01  0.165971791842237E-01
     chi_3_2=  0.194000000000000E+02  -.533754315582520E-09  -.284143517692891E-09
     chi_1_2=  0.195000000000000E+02  -.776309222355628E-01  -.478197257966310E+00
     chi_2_2=  0.195000000000000E+02  -.558831784242668E-01  0.154929814984932E-01
     chi_3_2=  0.195000000000000E+02  -.516889339865100E-09  -.277989660120287E-09
     chi_1_2=  0.196000000000000E+02  -.726759134881694E-01  -.464021406083986E+00
     chi_2_2=  0.196000000000000E+02  -.530569881130638E-01  0.144942208484682E-01
     chi_3_2=  0.196000000000000E+02  -.501187676275837E-09  -.272051785322459E-09
     chi_1_2=  0.197000000000000E+02  -.681794756729664E-01  -.450685920186088E+00
     chi_2_2=  0.197000000000000E+02  -.504001458266020E-01  0.135880124188707E-01
     chi_3_2=  0.197000000000000E+02  -.486535530022389E-09  -.266327352362184E-09
     chi_1_2=  0.198000000000000E+02  -.640871524664614E-01  -.438120033217228E+00
     chi_2_2=  0.198000000000000E+02  -.478983691806596E-01  0.127633645720488E-01
     chi_3_2=  0.198000000000000E+02  -.472833140482173E-09  -.260811930630790E-09
     chi_1_2=  0.199000000000000E+02  -.603522742608966E-01  -.426260430137594E+00
     chi_2_2=  0.199000000000000E+02  -.455388799238933E-01  0.120108573778068E-01
     chi_3_2=  0.199000000000000E+02  -.459992730958651E-09  -.255499801200834E-09
     chi_1_2=  0.200000000000000E+02  -.569346696782500E-01  -.415050335054169E+00
     chi_2_2=  0.200000000000000E+02  -.433102196802276E-01  0.113223825391476E-01
     chi_3_2=  0.200000000000000E+02  -.447936799516950E-09  -.250384400782926E-09
     chi_1_2=  0.201000000000000E+02  -.537996171981417E-01  -.404438721389207E+00
     chi_2_2=  0.201000000000000E+02  -.412020905256028E-01  0.106909317837717E-01
     chi_3_2=  0.201000000000000E+02  -.436596688069760E-09  -.245458649022049E-09
     chi_1_2=  0.202000000000000E+02  -.509169874942595E-01  -.394379627908793E+00
     chi_2_2=  0.202000000000000E+02  -.392052169320890E-01  0.101104237491094E-01
     chi_3_2=  0.202000000000000E+02  -.425911379420905E-09  -.240715189002519E-09
     chi_1_2=  0.203000000000000E+02  -.482605381301982E-01  -.384831565668955E+00
     chi_2_2=  0.203000000000000E+02  -.373112260631882E-01  0.957556162031923E-02
     chi_3_2=  0.203000000000000E+02  -.415826481852658E-09  -.236146562986424E-09
     chi_1_2=  0.204000000000000E+02  -.458073306625613E-01  -.375757002990393E+00
     chi_2_2=  0.204000000000000E+02  -.355125438188538E-01  0.908171547555967E-02
     chi_3_2=  0.204000000000000E+02  -.406293368649918E-09  -.231745339709964E-09
     chi_1_2=  0.205000000000000E+02  -.435372466179193E-01  -.367121917405845E+00
     chi_2_2=  0.205000000000000E+02  -.338023043985603E-01  0.862482458844494E-02
     chi_3_2=  0.205000000000000E+02  -.397268446147938E-09  -.227504205394221E-09
     chi_1_2=  0.206000000000000E+02  -.414325837469885E-01  -.358895405127142E+00
     chi_2_2=  0.206000000000000E+02  -.321742714744327E-01  0.820131593403864E-02
     chi_3_2=  0.206000000000000E+02  -.388712528818227E-09  -.223416027560454E-09
     chi_1_2=  0.207000000000000E+02  -.394777177796615E-01  -.351049339966314E+00
     chi_2_2=  0.207000000000000E+02  -.306227693464184E-01  0.780803591586233E-02
     chi_3_2=  0.207000000000000E+02  -.380590303847134E-09  -.219473898473111E-09
     chi_1_2=  0.208000000000000E+02  -.376588178776905E-01  -.343558074834008E+00
     chi_2_2=  0.208000000000000E+02  -.291426226914665E-01  0.744219293149686E-02
     chi_3_2=  0.208000000000000E+02  -.372869870820474E-09  -.215671163348042E-09
     chi_1_2=  0.209000000000000E+02  -.359636063087468E-01  -.336398179952991E+00
     chi_2_2=  0.209000000000000E+02  -.277291037234553E-01  0.710130886404115E-02
     chi_3_2=  0.209000000000000E+02  -.365522344672305E-09  -.212001437204626E-09
     chi_1_2=  0.210000000000000E+02  -.343811546966300E-01  -.329548212787152E+00
     chi_2_2=  0.210000000000000E+02  -.263778857547318E-01  0.678317795627874E-02
     chi_3_2=  0.210000000000000E+02  -.358521512113012E-09  -.208458613296526E-09
     chi_1_2=  0.211000000000000E+02  -.329017106505947E-01  -.322988515418187E+00
     chi_2_2=  0.211000000000000E+02  -.250850022978216E-01  0.648583181671360E-02
     chi_3_2=  0.211000000000000E+02  -.351843533421286E-09  -.205036865344747E-09
     chi_1_2=  0.212000000000000E+02  -.315165497279960E-01  -.316701035722546E+00
     chi_2_2=  0.212000000000000E+02  -.238468109710726E-01  0.620750953900192E-02
     chi_3_2=  0.212000000000000E+02  -.345466682844813E-09  -.201730645259158E-09
     chi_1_2=  0.213000000000000E+02  -.302178486038897E-01  -.310669169226618E+00
     chi_2_2=  0.213000000000000E+02  -.226599615781404E-01  0.594663210190532E-02
     chi_3_2=  0.213000000000000E+02  -.339371121966107E-09  -.198534677627235E-09
     chi_1_2=  0.214000000000000E+02  -.289985760591934E-01  -.304877618964501E+00
     chi_2_2=  0.214000000000000E+02  -.215213678211551E-01  0.570178036582263E-02
     chi_3_2=  0.214000000000000E+02  -.333538701303878E-09  -.195443951939288E-09
     chi_1_2=  0.215000000000000E+02  -.278523989936285E-01  -.299312271039979E+00
     chi_2_2=  0.215000000000000E+02  -.204281821837183E-01  0.547167610199818E-02
     chi_3_2=  0.215000000000000E+02  -.327952786170983E-09  -.192453713282864E-09
     chi_1_2=  0.216000000000000E+02  -.267736011511255E-01  -.293960083915965E+00
     chi_2_2=  0.216000000000000E+02  -.193777735847235E-01  0.525516558767740E-02
     chi_3_2=  0.216000000000000E+02  -.322598103432345E-09  -.189559452059102E-09
     chi_1_2=  0.217000000000000E+02  -.257570126367726E-01  -.288808989727652E+00
     chi_2_2=  0.217000000000000E+02  -.183677074590723E-01  0.505120537947641E-02
     chi_3_2=  0.217000000000000E+02  -.317460606321558E-09  -.186756893135883E-09
     chi_1_2=  0.218000000000000E+02  -.247979486236152E-01  -.283847806147641E+00
     chi_2_2=  0.218000000000000E+02  -.173957279682808E-01  0.485884994167736E-02
     chi_3_2=  0.218000000000000E+02  -.312527354903417E-09  -.184041984746793E-09
     chi_1_2=  0.219000000000000E+02  -.238921559094294E-01  -.279066157530380E+00
     chi_2_2=  0.219000000000000E+02  -.164597420840408E-01  0.467724085900060E-02
     chi_3_2=  0.219000000000000E+02  -.307786410128529E-09  -.181410887364511E-09
     chi_1_2=  0.220000000000000E+02  -.230357661986344E-01  -.274454404232031E+00
     chi_2_2=  0.220000000000000E+02  -.155578053219586E-01  0.450559740681043E-02
     chi_3_2=  0.220000000000000E+02  -.303226739725349E-09  -.178859962714990E-09
     chi_1_2=  0.221000000000000E+02  -.222252551621160E-01  -.270003579147166E+00
     chi_2_2=  0.221000000000000E+02  -.146881089319711E-01  0.434320828756338E-02
     chi_3_2=  0.221000000000000E+02  -.298838134427429E-09  -.176385763051617E-09
     chi_1_2=  0.222000000000000E+02  -.214574064748208E-01  -.265705330628244E+00
     chi_2_2=  0.222000000000000E+02  -.138489683770830E-01  0.418942437199209E-02
     chi_3_2=  0.222000000000000E+02  -.294611133245922E-09  -.173985020772530E-09
     chi_1_2=  0.223000000000000E+02  -.207292801531008E-01  -.261551871060127E+00
     chi_2_2=  0.223000000000000E+02  -.130388129535539E-01  0.404365230817394E-02
     chi_3_2=  0.223000000000000E+02  -.290536956676485E-09  -.171654638436387E-09
     chi_1_2=  0.224000000000000E+02  -.200381846157214E-01  -.257535930454393E+00
     chi_2_2=  0.224000000000000E+02  -.122561764242931E-01  0.390534888219908E-02
     chi_3_2=  0.224000000000000E+02  -.286607446882211E-09  -.169391679211470E-09
     chi_1_2=  0.225000000000000E+02  -.193816519775872E-01  -.253650714507109E+00
     chi_2_2=  0.225000000000000E+02  -.114996885531850E-01  0.377401603134833E-02
     chi_3_2=  0.225000000000000E+02  -.282815014023003E-09  -.167193357777011E-09
     chi_1_2=  0.226000000000001E+02  -.187574161567092E-01  -.249889866632310E+00
     chi_2_2=  0.226000000000001E+02  -.107680674418786E-01  0.364919642510693E-02
     chi_3_2=  0.226000000000001E+02  -.279152588012072E-09  -.165057031683935E-09
     chi_1_2=  0.227000000000001E+02  -.181633934350320E-01  -.246247433542743E+00
     chi_2_2=  0.227000000000001E+02  -.100601125825930E-01  0.353046954147907E-02
     chi_3_2=  0.227000000000001E+02  -.275613575074144E-09  -.162980193173579E-09
     chi_1_2=  0.228000000000001E+02  -.175976651644816E-01  -.242717834000810E+00
     chi_2_2=  0.228000000000001E+02  -.937469855078423E-02  0.341744817630249E-02
     chi_3_2=  0.228000000000001E+02  -.272191818560535E-09  -.160960461446607E-09
     chi_1_2=  0.229000000000001E+02  -.170584623524559E-01  -.239295830407314E+00
     chi_2_2=  0.229000000000001E+02  -.871076927062042E-02  0.330977533191969E-02
     chi_3_2=  0.229000000000001E+02  -.268881563545340E-09  -.158995575369788E-09
     chi_1_2=  0.230000000000001E+02  -.165441518974114E-01  -.235976502934351E+00
     chi_2_2=  0.230000000000001E+02  -.806733279397112E-02  0.320712143891218E-02
     chi_3_2=  0.230000000000001E+02  -.265677424786338E-09  -.157083386605213E-09
     chi_1_2=  0.231000000000001E+02  -.160532242761170E-01  -.232755225942710E+00
     chi_2_2=  0.231000000000001E+02  -.744345654052598E-02  0.310918187084584E-02
     chi_3_2=  0.231000000000001E+02  -.262574357685542E-09  -.155221853144485E-09
     chi_1_2=  0.232000000000001E+02  -.155842825105700E-01  -.229627646453798E+00
     chi_2_2=  0.232000000000001E+02  -.683826295257643E-02  0.301567471730959E-02
     chi_3_2=  0.232000000000001E+02  -.259567631928856E-09  -.153409033229197E-09
     chi_1_2=  0.233000000000001E+02  -.151360322650721E-01  -.226589664471557E+00
     chi_2_2=  0.233000000000001E+02  -.625092552324132E-02  0.292633878507107E-02
     chi_3_2=  0.233000000000001E+02  -.256652807522125E-09  -.151643079638226E-09
     chi_1_2=  0.234000000000001E+02  -.147072729433442E-01  -.223637414973224E+00
     chi_2_2=  0.234000000000001E+02  -.568066516150883E-02  0.284093180108423E-02
     chi_3_2=  0.234000000000001E+02  -.253825712974984E-09  -.149922234322482E-09
     chi_1_2=  0.235000000000001E+02  -.142968896720950E-01  -.220767251406962E+00
     chi_2_2=  0.235000000000001E+02  -.512674686145863E-02  0.275922879442400E-02
     chi_3_2=  0.235000000000001E+02  -.251082425412036E-09  -.148244823367578E-09
     chi_1_2=  0.236000000000001E+02  -.139038460717838E-01  -.217975730552562E+00
     chi_2_2=  0.236000000000001E+02  -.458847664658105E-02  0.268102063711056E-02
     chi_3_2=  0.236000000000001E+02  -.248419252416947E-09  -.146609252265643E-09
     chi_1_2=  0.237000000000001E+02  -.135271777275933E-01  -.215259598616300E+00
     chi_2_2=  0.237000000000001E+02  -.406519876322373E-02  0.260611272626822E-02
     chi_3_2=  0.237000000000001E+02  -.245832715436522E-09  -.145014001477750E-09
     chi_1_2=  0.238000000000001E+02  -.131659862842921E-01  -.212615778444952E+00
     chi_2_2=  0.238000000000001E+02  -.355629309993087E-02  0.253432379221300E-02
     chi_3_2=  0.238000000000001E+02  -.243319534591379E-09  -.143457622269392E-09
     chi_1_2=  0.239000000000001E+02  -.128194340978891E-01  -.210041357755956E+00
     chi_2_2=  0.239000000000001E+02  -.306117281187063E-02  0.246548481892542E-02
     chi_3_2=  0.239000000000001E+02  -.240876614756840E-09  -.141938732802071E-09
     chi_1_2=  0.240000000000001E+02  -.124867393849723E-01  -.207533578291256E+00
     chi_2_2=  0.240000000000001E+02  -.257928213171548E-02  0.239943806497734E-02
     chi_3_2=  0.240000000000001E+02  -.238501032792306E-09  -.140456014464992E-09
     chi_1_2=  0.241000000000001E+02  -.121671718175598E-01  -.205089825811725E+00
     chi_2_2=  0.241000000000001E+02  -.211009435018338E-02  0.233603617438530E-02
     chi_3_2=  0.241000000000001E+02  -.236190025810544E-09  -.139008208431553E-09
     chi_1_2=  0.242000000000001E+02  -.118600485174040E-01  -.202707620857732E+00
     chi_2_2=  0.242000000000001E+02  -.165310995122110E-02  0.227514136808932E-02
     chi_3_2=  0.242000000000001E+02  -.233940980389929E-09  -.137594112426353E-09
     chi_1_2=  0.243000000000001E+02  -.115647304089262E-01  -.200384610208547E+00
     chi_2_2=  0.243000000000001E+02  -.120785488823184E-02  0.221662470781922E-02
     chi_3_2=  0.243000000000001E+02  -.231751422642780E-09  -.136212577689147E-09
     chi_1_2=  0.244000000000001E+02  -.112806188945965E-01  -.198118558979926E+00
     chi_2_2=  0.244000000000001E+02  -.773878989127804E-03  0.216036542504645E-02
     chi_3_2=  0.244000000000001E+02  -.229619009061794E-09  -.134862506123000E-09
     chi_1_2=  0.245000000000001E+02  -.110071528206434E-01  -.195907343305326E+00
     chi_2_2=  0.245000000000001E+02  -.350754479184561E-03  0.210625030853577E-02
     chi_3_2=  0.245000000000001E+02  -.227541518074716E-09  -.133542847614721E-09
     chi_1_2=  0.246000000000001E+02  -.107438057045029E-01  -.193748943551242E+00
     chi_2_2=  0.246000000000001E+02  0.619253883101477E-04  0.205417314472763E-02
     chi_3_2=  0.246000000000001E+02  -.225516842244466E-09  -.132252597516440E-09
     chi_1_2=  0.247000000000001E+02  -.104900831985561E-01  -.191641438021992E+00
     chi_2_2=  0.247000000000001E+02  0.464547602605121E-03  0.200403420581565E-02
     chi_3_2=  0.247000000000001E+02  -.223542981058029E-09  -.130990794277810E-09
     chi_1_2=  0.248000000000001E+02  -.102455207674475E-01  -.189582997113386E+00
     chi_2_2=  0.248000000000001E+02  0.857480575437508E-03  0.195573978093187E-02
     chi_3_2=  0.248000000000001E+02  -.221618034253138E-09  -.129756517219089E-09
     chi_1_2=  0.249000000000001E+02  -.100096815586947E-01  -.187571877878548E+00
     chi_2_2=  0.249000000000001E+02  0.124107523778534E-02  0.190920174634838E-02
     chi_3_2=  0.249000000000001E+02  -.219740195636694E-09  -.128548884435923E-09
     chi_1_2=  0.250000000000001E+02  -.978215444844578E-02  -.185606418972559E+00
     chi_2_2=  0.250000000000001E+02  0.161566606016783E-02  0.186433717103138E-02
     chi_3_2=  0.250000000000001E+02  -.217907747353321E-09  -.127367050827376E-09
     chi_1_2=  0.251000000000001E+02  -.956255224613791E-02  -.183685035945592E+00
     chi_2_2=  0.251000000000001E+02  0.198157200260732E-02  0.182106795426744E-02
     chi_3_2=  0.251000000000001E+02  -.216119054566515E-09  -.126210206239214E-09
     chi_1_2=  0.252000000000001E+02  -.935051004346568E-02  -.181806216856908E+00
     chi_2_2=  0.252000000000001E+02  0.233909739982394E-02  0.177932049241899E-02
     chi_3_2=  0.252000000000001E+02  -.214372560518071E-09  -.125077573715014E-09
     chi_1_2=  0.253000000000001E+02  -.914568369457222E-02  -.179968518184571E+00
     chi_2_2=  0.253000000000001E+02  0.268853278673414E-02  0.173902537216600E-02
     chi_3_2=  0.253000000000001E+02  -.212666781935021E-09  -.123968407848148E-09
     chi_1_2=  0.254000000000001E+02  -.894774841569860E-02  -.178170561008053E+00
     chi_2_2=  0.254000000000001E+02  0.303015566888592E-02  0.170011708785900E-02
     chi_3_2=  0.254000000000001E+02  -.211000304755988E-09  -.122881993228327E-09
     chi_1_2=  0.255000000000001E+02  -.875639749367824E-02  -.176411027442718E+00
     chi_2_2=  0.255000000000001E+02  0.336423124204914E-02  0.166253378084279E-02
     chi_3_2=  0.255000000000001E+02  -.209371780151399E-09  -.121817642976518E-09
     chi_1_2=  0.256000000000001E+02  -.857134109373123E-02  -.174688657307072E+00
     chi_2_2=  0.256000000000001E+02  0.369101306481169E-02  0.162621699882270E-02
     chi_3_2=  0.256000000000001E+02  -.207779920814237E-09  -.120774697362749E-09
     chi_1_2=  0.257000000000001E+02  -.839230515794030E-02  -.173002245005396E+00
     chi_2_2=  0.257000000000001E+02  0.401074368772673E-02  0.159111147353392E-02
     chi_3_2=  0.257000000000001E+02  -.206223497500438E-09  -.119752522501555E-09
     chi_1_2=  0.258000000000001E+02  -.821903038660543E-02  -.171350636609624E+00
     chi_2_2=  0.258000000000001E+02  0.432365524222175E-02  0.155716491514053E-02
     chi_3_2=  0.258000000000001E+02  -.204701335799258E-09  -.118750509120130E-09
     chi_1_2=  0.259000000000001E+02  -.805127129544858E-02  -.169732727125918E+00
     chi_2_2=  0.259000000000001E+02  0.462996999224206E-02  0.152432782194323E-02
     chi_3_2=  0.259000000000001E+02  -.203212313116360E-09  -.117768071394748E-09
     chi_1_2=  0.260000000000001E+02  -.788879534227688E-02  -.168147457932451E+00
     chi_2_2=  0.260000000000001E+02  0.492990085133968E-02  0.149255330410758E-02
     chi_3_2=  0.260000000000001E+02  -.201755355853292E-09  -.116804645851149E-09
     chi_1_2=  0.261000000000001E+02  -.773138211732815E-02  -.166593814376020E+00
     chi_2_2=  0.261000000000001E+02  0.522365186769075E-02  0.146179692024541E-02
     chi_3_2=  0.261000000000001E+02  -.200329436768720E-09  -.115859690324925E-09
     chi_1_2=  0.262000000000001E+02  -.757882259204626E-02  -.165070823516224E+00
     chi_2_2=  0.262000000000001E+02  0.551141867934468E-02  0.143201652579089E-02
     chi_3_2=  0.262000000000001E+02  -.198933572507915E-09  -.114932682978304E-09
     chi_1_2=  0.263000000000001E+02  -.743091842152799E-02  -.163577552006725E+00
     chi_2_2=  0.263000000000001E+02  0.579338894179496E-02  0.140317213220875E-02
     chi_3_2=  0.263000000000001E+02  -.197566821288185E-09  -.114023121369813E-09
     chi_1_2=  0.264000000000001E+02  -.728748129629965E-02  -.162113104104017E+00
     chi_2_2=  0.264000000000001E+02  0.606974272982269E-02  0.137522577616008E-02
     chi_3_2=  0.264000000000001E+02  -.196228280728873E-09  -.113130521573642E-09
     chi_1_2=  0.265000000000001E+02  -.714833233948553E-02  -.160676619794861E+00
     chi_2_2=  0.265000000000001E+02  0.634065291537596E-02  0.134814139782984E-02
     chi_3_2=  0.265000000000001E+02  -.194917085815534E-09  -.112254417345714E-09
     chi_1_2=  0.266000000000001E+02  -.701330154576971E-02  -.159267273034238E+00
     chi_2_2=  0.266000000000001E+02  0.660628552315827E-02  0.132188472769031E-02
     chi_3_2=  0.266000000000001E+02  -.193632406988764E-09  -.111394359333683E-09
     chi_1_2=  0.267000000000001E+02  -.688222725888093E-02  -.157884270086316E+00
     chi_2_2=  0.267000000000001E+02  0.686680006541369E-02  0.129642318103970E-02
     chi_3_2=  0.267000000000001E+02  -.192373448348860E-09  -.110549914328171E-09
     chi_1_2=  0.268000000000001E+02  -.675495568460205E-02  -.156526847961481E+00
     chi_2_2=  0.268000000000001E+02  0.712234985733257E-02  0.127172575971173E-02
     chi_3_2=  0.268000000000001E+02  -.191139445968241E-09  -.109720664552920E-09
     chi_1_2=  0.269000000000001E+02  -.663134043658003E-02  -.155194272943018E+00
     chi_2_2=  0.269000000000001E+02  0.737308231435514E-02  0.124776296040529E-02
     chi_3_2=  0.269000000000001E+02  -.189929666304165E-09  -.108906206991455E-09
     chi_1_2=  0.270000000000001E+02  -.651124211243118E-02  -.153885839197519E+00
     chi_2_2=  0.270000000000001E+02  0.761913923257677E-02  0.122450668912904E-02
     chi_3_2=  0.270000000000001E+02  -.188743404704877E-09  -.108106152748201E-09
     chi_1_2=  0.271000000000001E+02  -.639452789786081E-02  -.152600867463546E+00
     chi_2_2=  0.271000000000001E+02  0.786065705336647E-02  0.120193018130065E-02
     chi_3_2=  0.271000000000001E+02  -.187579984002874E-09  -.107320126442034E-09
     chi_1_2=  0.272000000000001E+02  -.628107119669869E-02  -.151338703813444E+00
     chi_2_2=  0.272000000000001E+02  0.809776711321506E-02  0.118000792707679E-02
     chi_3_2=  0.272000000000001E+02  -.186438753189391E-09  -.106547765630377E-09
     chi_1_2=  0.273000000000001E+02  -.617075128493341E-02  -.150098718483607E+00
     chi_2_2=  0.273000000000001E+02  0.833059587976562E-02  0.115871560152735E-02
     chi_3_2=  0.273000000000001E+02  -.185319086164706E-09  -.105788720262114E-09
     chi_1_2=  0.274000000000001E+02  -.606345298698412E-02  -.148880304768860E+00
     chi_2_2=  0.274000000000001E+02  0.855926517491469E-02  0.113802999929774E-02
     chi_3_2=  0.274000000000001E+02  -.184220380559345E-09  -.105042652157702E-09
     chi_1_2=  0.275000000000001E+02  -.595906637258932E-02  -.147682877976839E+00
     chi_2_2=  0.275000000000001E+02  0.878389238578862E-02  0.111792897343256E-02
     chi_3_2=  0.275000000000001E+02  -.183142056621393E-09  -.104309234514861E-09
     chi_1_2=  0.276000000000001E+02  -.585748647283112E-02  -.146505874438692E+00
     chi_2_2=  0.276000000000001E+02  0.900459066436630E-02  0.109839137806215E-02
     chi_3_2=  0.276000000000001E+02  -.182083556165805E-09  -.103588151438513E-09
     chi_1_2=  0.277000000000001E+02  -.575861301392195E-02  -.145348750572523E+00
     chi_2_2=  0.277000000000001E+02  0.922146911644663E-02  0.107939701467377E-02
     chi_3_2=  0.277000000000001E+02  -.181044341581593E-09  -.102879097493551E-09
     chi_1_2=  0.278000000000001E+02  -.566235016750315E-02  -.144210981996420E+00
     chi_2_2=  0.278000000000001E+02  0.943463298062065E-02  0.106092658171542E-02
     chi_3_2=  0.278000000000001E+02  -.180023894893332E-09  -.102181777279167E-09
     chi_1_2=  0.279000000000001E+02  -.556860631628737E-02  -.143092062687930E+00
     chi_2_2=  0.279000000000001E+02  0.964418379785429E-02  0.104296162729757E-02
     chi_3_2=  0.279000000000001E+02  -.179021716873426E-09  -.101495905023613E-09
